-0.0518186
0.320318
-0.299792
0.0349535
0.0238528
-0.0604046
0.0916362
0.0377969
0.0789949
-0.473968
0.00883936
-0.132898
-0.127251
-0.0342497
0.346253
-0.15297
0.14063
0.02907
0.018734
0.240824
0.0522042
-0.138392
0.336286
-0.140405
0.0350397
0.0548346
-0.172613
0.237246
0.263308
0.136207
0.188513
0.165673
-0.117944
0.0418209
0.172091
0.0588842
-0.0933746
-0.333757
-0.0263485
0.315325
-0.158342
-0.184463
-0.20946
-0.0883926
0.191074
-0.00647842
0.00205608
0.183952
-0.400823
0.036085
-0.000813495
0.0657247
-0.0843368
-0.0481901
-0.483681
0.00295195
0.0875378
-0.0471555
-0.473106
0.395837
0.153426
0.148492
-0.0199419
0.0174498
0.0660395
0.187727
0.180262
0.188909
-0.151641
-0.208896
0.0389954
-0.437686
0.223782
0.0589325
0.22889
-0.0589259
-0.116094
-0.316538
-0.397157
0.461793
-0.169976
-0.11244
0.0477046
-0.230538
-0.0288306
0.653475
0.192821
0.026936
0.211606
0.0772391
-0.0878539
-0.104059
-0.136978
0.0795801
-0.0504402
-0.0915237
-0.110129
-0.192603
0.0628202
0.159878
1.08994
0.826579
0.700752
0.69566
0.763475
0.999826
1.22567
1.05693
1.10689
1.02115
0.770071
1.03669
0.990483
1.05042
1.04018
0.77825
0.984503
0.665547
1.11135
0.991313
0.948867
0.93631
1.20954
0.707009
1.06985
0.827604
1.24228
1.09724
0.9693
0.671534
0.746757
0.905542
0.780617
0.954955
0.976252
1.11849
0.960937
0.875573
0.882189
0.92027
0.953485
1.2947
0.870216
0.59058
0.766302
1.12446
1.12306
1.05404
1.1187
0.91781
1.13669
0.340473
1.24311
1.07686
0.952585
1.3213
1.02784
1.09467
1.25316
0.952697
0.224743
0.210043
-0.0918748
0.153181
0.22863
0.592785
-0.0387252
-0.17863
0.201075
0.0409644
0.333992
-0.0871678
0.0797673
0.136593
0.127142
0.185122
0.0130882
0.2022
-0.147079
-0.0124065
-0.01908
0.368287
0.246718
0.227243
-0.22423
0.0273126
0.0509376
-0.00516833
-0.0551147
-0.290466
0.0316435
-0.397755
-0.0317164
0.200747
0.276541
-0.0292803
-0.243402
-0.113771
0.272885
0.306044
0.149356
0.179588
-0.159157
-0.349786
0.229698
0.232156
0.100441
-0.0879969
0.168721
0.107236
0.12839
0.261597
-0.12999
-0.129851
-0.0387786
-0.146126
-0.295599
-0.14108
-0.22119
0.196818
1.13788
1.13448
0.66907
0.882208
1.13949
0.888335
0.942803
0.795854
0.761589
1.07453
0.9337
1.06361
0.931513
0.9542
1.11919
0.751741
1.19574
1.13016
1.21102
1.16372
1.22682
1.28817
1.02677
0.879094
0.856184
0.783357
0.864028
1.07103
1.03166
1.31822
1.42845
1.26251
1.24416
0.795121
0.964627
0.962678
1.22856
0.990689
1.04797
1.26442
-0.173478
0.225339
0.0174537
-0.222948
0.157784
-0.338887
-0.539736
0.141143
-0.147069
-0.273296
-0.212898
-0.428658
-0.474478
-0.10196
-0.078607
-0.0411373
-0.2705
-0.143186
0.241159
0.235066
1.35278
1.02151
1.02989
1.01484
1.14001
0.987498
0.913135
0.608245
1.42196
1.04484
1.32673
0.696384
0.762221
1.25897
1.29438
1.53836
1.16937
0.732532
1.16557
1.01828
1.12781
0.905891
0.914633
1.37432
1.09983
0.836344
0.893505
1.3493
1.30302
1.09922
1.19023
0.834783
0.833106
0.998288
1.1407
1.16142
0.973269
0.996557
1.11272
1.5172
1.01505
0.851962
0.737663
0.898205
1.30815
0.722534
1.25536
1.19404
0.646094
1.06227
0.90699
1.22941
0.772975
1.22256
1.30682
1.02331
0.809243
1.21029
0.993591
0.870246
0.259759
-0.556701
-0.232577
-0.0355897
0.162195
-0.104049
0.137434
0.3457
-0.228591
0.245299
-0.0399033
-0.472169
0.316554
0.100908
0.0794987
0.393106
0.241255
-0.314304
-0.192365
0.0553394
1.11901
1.01386
1.20474
0.913361
0.905699
0.690327
1.16033
0.842873
0.90833
1.37099
1.1701
0.75706
0.952476
0.93726
1.02417
0.801227
0.730229
1.39365
1.04875
0.891411
0.21624
-0.0801975
0.314391
-0.00671561
0.250587
-0.13068
0.333741
-5.98169e-05
0.241817
0.228823
-0.145191
-0.140546
0.389707
0.159849
-0.304742
0.276472
-0.143648
-0.148444
-0.201838
0.0924457
0.863136
1.09819
1.0269
0.924875
1.47096
0.938449
1.31507
1.13284
0.865201
0.998968
1.18077
0.449746
1.07901
0.990527
0.596124
0.923785
1.32583
0.927581
0.894832
0.905701
0.114036
-0.03306
-0.246781
0.0191214
-0.193789
0.00869132
-0.0802387
0.208522
-0.361257
-0.159141
0.120282
0.334556
0.0718786
0.103508
0.101019
0.170191
0.126928
-0.0323529
-0.326557
0.250044
-0.437702
0.38487
-0.286986
-0.108695
-0.0299759
-0.159362
-0.367321
-0.0482578
-0.0388861
-0.0541623
0.0255918
0.281685
0.1705
0.0791542
0.162781
-0.197163
-0.142086
-0.286572
-0.0158655
-0.165209
0.141516
-0.127995
-0.0318114
-0.000554357
0.1721
-0.244406
-0.258099
-0.0616526
0.0746066
-0.23145
-0.0370708
-0.106028
0.0174265
-0.374453
0.0750255
0.0731177
-0.181283
0.240672
0.103248
0.236709
0.0891066
-0.115672
0.00636566
-0.144529
0.214063
0.207044
-0.344274
-0.00775933
-0.168844
0.29369
-0.124893
-0.139823
-0.24089
-0.504688
-0.100404
-0.01196
-0.101127
0.00513274
0.107061
0.295946
0.895306
1.19836
1.04237
0.689263
0.610756
0.719906
0.832425
0.910212
1.1512
0.988824
1.18898
1.1143
1.46431
1.26488
0.9287
1.06649
0.97736
0.933563
0.915144
1.00334
0.223891
0.0385727
0.407554
0.0394842
0.177926
0.212634
-0.235865
0.26167
0.257605
-0.35904
0.212512
0.154822
-0.0831005
0.0420137
0.146201
0.0308581
-0.0237944
0.147
0.256568
0.00462363
0.0362095
0.149358
0.0307917
0.356438
-0.249541
-0.00676806
0.0118564
0.0759147
0.0485384
-0.350206
0.208556
0.247894
0.0220027
-0.181745
0.318638
0.210075
0.556055
-0.0378663
-0.27406
0.415096
1.00157
0.75996
1.00645
0.868857
0.978453
0.991688
0.914052
0.944238
1.18907
0.573069
1.33259
1.29085
0.484051
1.50935
1.26665
1.20321
0.927045
0.487043
1.36941
0.964512
-0.35238
0.0539546
-0.305527
0.146636
0.0559011
0.372868
0.346912
-0.307869
0.192028
0.108511
-0.31133
0.0316409
0.153111
-0.251197
0.138351
-0.0866308
-0.212405
0.00384191
0.33595
-0.138588
0.810739
0.969358
0.933712
1.0441
0.607259
0.851582
1.20406
0.839256
0.74778
0.759332
1.02101
0.872402
0.712487
0.985781
0.994973
1.22463
1.23429
0.898107
0.942013
0.94246
0.543124
0.877934
0.961553
1.19445
1.35462
0.794317
0.925543
0.967555
0.876043
1.10168
0.908945
1.01408
1.02061
1.28133
0.91526
1.13754
1.04805
1.20441
1.24207
0.913983
0.141984
0.00828596
0.344703
-0.345132
0.102733
0.0672179
-0.211695
-0.110409
0.174316
0.193591
0.132274
0.0733197
-0.142847
-0.0489756
-0.0571676
-0.2329
0.0569343
-0.131528
0.26272
0.0525459
0.0631486
0.088663
0.159226
0.0542922
-0.00753531
0.210762
-0.0551471
-0.174166
0.30615
-0.191579
-0.0145003
-0.231324
-0.198121
0.157743
0.0602244
-0.0137986
0.293561
0.208615
-0.0490951
0.145819
1.06893
1.08414
0.849602
0.974918
0.261791
0.937315
0.995765
0.391099
1.03399
1.0189
0.841408
0.910405
0.985108
1.07663
0.912716
1.09641
0.947572
0.936036
1.17313
0.631946
1.41061
0.713723
0.60662
0.799656
1.2809
0.669871
0.77354
0.954525
0.84054
1.32473
1.06315
1.06903
0.89443
1.2463
0.997755
0.945562
1.2762
1.26218
1.2301
1.11149
-0.299804
-0.258323
-0.319284
-0.212928
-0.161742
0.0881757
0.197959
-0.247335
-0.0876115
0.167546
0.060545
-0.210714
0.0664286
-0.474342
-0.252286
-0.166372
0.165725
-0.103812
0.0641052
-0.178863
0.988399
0.875211
0.789201
0.924542
1.15306
1.23595
0.651695
1.10039
0.651928
0.83616
1.36199
1.0241
0.907607
1.11787
0.55428
0.87684
1.0611
0.725322
0.943588
1.24148
-0.0996312
0.163463
-0.0977848
-0.218806
0.0280169
0.136016
-0.123886
-0.439184
0.10738
0.030884
-0.114096
-0.0239133
0.425875
-0.244842
0.117349
0.0800146
0.194777
0.0965816
0.361555
0.185311
0.00504443
0.10226
0.193725
-0.194967
0.231641
0.0621628
0.0942219
0.197234
0.164969
0.265802
0.0978885
-0.422334
-0.250214
0.232608
-0.0332947
0.213293
-0.0436543
0.0816991
0.234828
-0.0586362
0.982509
1.04842
1.50299
1.36625
0.761806
1.15111
1.02723
1.12426
0.928418
0.894203
0.968218
1.04045
1.06275
0.937052
1.32819
1.2727
1.09487
1.18719
1.19454
0.94318
-0.153931
0.0670147
-0.151703
0.429725
-0.0920028
0.0146239
0.188711
-0.0789783
0.293512
-0.23485
-0.132409
0.0229979
-0.173186
0.192005
-0.255152
-0.0452428
0.550553
-0.101537
-0.0306624
0.185257
0.799727
1.12724
0.646964
0.971641
0.993678
1.12432
0.924163
1.09585
1.19713
1.37968
1.0015
1.26288
1.014
1.4315
0.793486
1.01432
1.05673
1.13537
0.848674
0.70292
1.22844
0.925135
0.899604
0.93148
1.16977
1.26176
1.08863
0.92406
0.899511
0.77448
1.14422
1.18399
1.17453
1.35861
0.802064
0.914077
0.831863
0.894354
1.13831
0.776983
0.185442
-0.0456924
-0.364373
0.182846
0.356122
-0.111952
0.0908236
0.103981
-0.0934882
0.149847
-0.149194
-0.106385
-0.157086
0.0123412
0.29078
-0.0797114
-0.0655268
-0.28407
-0.060403
-0.101818
1.29156
0.982123
0.836348
0.861294
0.838928
0.706475
1.11973
1.27124
0.624957
1.19802
1.04427
0.941328
0.900777
1.06383
1.05915
1.15108
0.76381
0.69045
0.869189
0.779059
0.901566
1.26373
1.15219
1.10557
1.09542
0.966202
0.721495
0.740567
1.02716
0.841597
1.11008
1.08839
1.2696
0.994304
0.822279
1.39253
0.734595
0.74015
1.08415
0.956137
0.274705
0.14169
0.0897478
-0.111191
0.128423
-0.28427
-0.087475
0.167315
-0.192013
0.0556641
-0.190586
-0.0656609
-0.116996
-0.0745013
0.129377
-0.153472
-0.0146922
-0.153426
0.12212
-0.200815
0.952772
1.0434
0.87764
1.13523
1.31532
0.679621
0.910128
1.03126
0.912891
0.98392
1.07755
1.16641
0.900346
1.12729
1.13291
1.32141
0.859434
0.856738
1.13711
0.971427
0.00241262
-0.0853491
0.198055
-0.0680356
0.0953667
0.256016
0.221711
-0.300721
0.254228
0.270925
0.169126
0.399021
-0.180961
-0.0587126
-0.2214
-0.0311019
0.228662
0.460542
0.20233
-0.0085824
-0.0444674
-0.135404
-0.0602593
-0.119802
0.105142
0.11058
-0.0365523
0.242208
0.276101
0.202307
-0.027016
0.268335
-0.0812353
-0.252808
-0.0116207
0.152616
0.0678966
-0.469051
0.0610037
-0.0415959
1.38053
0.916466
0.869442
0.68198
0.810462
0.879089
0.881061
1.16546
0.865955
1.31945
1.14008
1.17965
1.3759
1.2179
0.705514
1.24506
0.820108
0.350311
0.605131
1.06446
-0.326174
-0.290901
0.310852
-0.0504808
-0.158588
0.255081
-0.116874
0.11516
0.192879
0.453703
-0.154689
-0.128728
0.0979789
0.538524
0.125426
0.287615
-0.228898
0.0354867
0.0118134
-0.195192
1.08695
0.692012
1.24873
0.769468
0.928288
1.16068
1.08775
0.872513
0.796798
1.33838
1.27591
1.42306
1.48478
0.97509
1.0371
1.13833
0.694866
1.23534
0.74017
1.37777
1.3282
1.0975
0.708475
0.726548
0.85292
0.955981
0.661426
1.34387
0.93473
0.854624
1.12646
1.36596
1.01846
1.21551
0.801678
0.987458
1.00415
1.04123
0.855056
1.07726
0.858952
0.991993
1.16382
0.978485
1.22264
0.962436
1.0011
1.01104
1.11168
0.789518
1.02197
1.00726
0.756581
0.969714
0.914528
0.857663
1.01509
1.07285
0.642043
0.94521
-0.469848
-0.269983
-0.0584913
0.0710621
0.275185
-0.122342
0.111109
0.202115
0.189636
0.229163
-0.182624
-0.10247
0.104038
0.0464763
-0.0851194
-0.0856076
0.118304
-0.212282
0.0408303
0.407439
-0.0744067
-0.397784
-0.126016
-0.0555646
-0.0315164
0.212738
0.0815928
-0.189015
-0.220752
0.119982
0.176086
-0.399818
0.0195584
0.170502
-0.0102778
-0.259819
0.260391
0.442252
0.326297
-0.036382
0.802848
0.899066
0.525316
1.05146
1.19488
0.977323
0.904971
1.13077
1.14464
1.09964
1.33784
0.875158
1.13753
0.507793
0.821355
1.01118
1.27222
0.907071
0.821328
0.781277
0.115064
-0.141251
0.303624
0.252083
-0.181589
-0.0906912
-0.0377077
-0.265671
-0.247971
0.0243733
-0.031084
0.145528
0.0569969
0.00763918
-0.0809401
-0.174953
-0.207831
-0.272329
-0.097225
-0.1843
0.303051
-0.258126
-0.0911339
0.0201679
-0.117215
-0.0458251
-0.122737
0.608695
-0.198693
-0.170447
0.388223
-0.148519
0.0517636
-0.0206392
-0.20283
-0.0913729
-0.132662
0.135353
-0.0538979
-0.087519
0.689826
0.924578
1.0794
0.649357
1.12947
1.38309
1.07212
1.04626
1.08578
1.11673
0.854139
0.721355
1.20916
0.829199
1.38273
0.807129
0.810959
0.982786
1.05607
0.950907
1.15415
1.0012
0.939356
1.11559
1.04705
1.01278
1.25223
1.0336
0.535346
1.06878
1.09986
0.720415
1.02345
1.18794
1.00925
0.986138
1.15028
1.19549
0.999653
0.647598
0.219976
0.16586
0.0288204
0.0675509
-0.117209
0.170186
0.176645
-0.00779183
-0.157937
0.318696
0.04797
-0.287567
-0.277564
-0.149094
-0.119983
0.139302
-0.254396
0.245912
-0.544559
0.25578
1.32402
1.20722
1.14988
0.560057
1.13116
1.14869
0.552408
0.7755
1.16222
0.794883
1.12725
0.774067
0.685497
0.869265
0.740962
0.795351
1.04749
1.01969
1.04881
1.03375
-0.0242281
-0.120074
0.0874304
-0.0993652
0.00373207
-0.0178697
-0.155286
0.0163721
-0.418265
0.202704
-0.484291
-0.0824572
0.268412
-0.414717
0.0297606
0.0659538
-0.0304876
0.00559016
-0.155623
-0.300196
0.0848902
0.317636
-0.335804
0.0788071
0.223734
-0.105728
-0.161018
-0.122341
0.358729
-0.207146
-0.157141
0.0109132
-0.457455
-0.113581
-0.00315541
-0.187654
-0.0668127
-0.0864573
-0.394389
-0.165703
0.840396
0.606402
1.1329
0.655276
0.773622
1.03295
0.97903
1.83262
0.922943
1.04239
0.884767
0.900317
0.693545
0.719447
0.854055
0.89744
0.91547
1.11838
1.03484
1.04707
0.0811166
-0.351602
0.0252948
0.36212
-0.438608
-0.0400174
-0.0524279
0.214082
0.0160088
0.107185
0.258123
0.0738591
-0.104503
-0.021005
-0.215227
0.0264366
0.0892287
0.0142051
-0.207637
0.128597
1.24688
1.04768
0.794224
0.78023
0.645235
1.17768
0.831115
1.00872
1.11784
1.19963
0.737202
1.08418
0.903308
0.9138
0.825148
0.873305
1.07341
1.05786
0.902893
0.869491
1.02095
1.32088
1.19758
0.941902
1.19517
0.662338
1.14189
1.21085
1.07862
1.21005
0.893112
1.2776
0.670132
1.35177
0.97914
1.28286
1.18997
1.11556
0.639824
1.08937
-0.147974
0.501235
-0.0321149
0.180929
-0.0503754
-0.336256
0.0264099
-0.173008
0.230721
0.246439
0.156457
0.251686
-0.14201
0.162197
0.199159
-0.178459
-0.0490597
-0.373566
-0.0583663
0.0917086
1.1616
1.22179
0.599958
0.510752
1.00645
0.706079
0.870097
0.702438
1.14559
1.14604
0.9503
1.30103
1.36795
0.780484
1.25771
1.15664
0.892891
1.15488
0.878792
1.10628
1.05282
0.93023
1.23398
0.948509
1.10408
1.03125
1.12642
0.980257
0.899347
1.24467
1.13685
0.894579
1.03999
1.03514
1.33227
1.01591
0.910654
0.732409
0.94246
0.836862
0.232109
-0.0809922
-0.0659418
0.251415
0.115836
0.163453
-0.463914
-0.226635
0.337057
0.302314
-0.188303
0.0638814
0.0615489
0.137091
-0.228343
-0.148954
0.382957
-0.102847
-0.130008
-0.0885691
0.155209
0.320301
-0.0952258
0.0426588
-0.0471448
0.0602564
0.141459
-0.17227
0.197012
0.176517
-0.116334
-0.1246
-0.150962
0.139937
-0.321091
-0.111748
0.185799
0.0978391
0.0279835
-0.102422
-0.135963
0.430051
0.0643369
-0.111538
-0.00995693
-0.0551152
-0.18854
0.0180958
-0.18045
0.394332
0.224987
-0.290273
0.156098
-0.434411
-0.00987407
0.00630471
-0.0253068
-0.269025
-0.0923868
0.193572
1.19874
0.926048
0.86121
1.1797
1.11618
1.18016
0.75111
0.931767
1.2848
1.5013
1.26178
0.826831
0.91925
0.889414
1.10314
1.09651
1.20141
0.945809
0.907228
1.02059
0.984229
1.32744
0.849723
1.10314
0.927138
1.14554
0.824204
1.08929
1.10411
0.945691
1.01245
0.93514
0.718651
1.06638
1.01504
0.914013
0.799602
1.08229
0.961405
0.913427
-0.38104
0.215492
0.182551
-0.151558
-0.29395
-0.187577
0.055896
-0.0174136
0.297676
0.184003
-0.193273
-0.0857997
0.550056
0.134523
0.216022
0.224515
-0.0366207
0.273741
-0.143867
0.100448
1.27038
0.947462
1.02116
1.14434
1.37845
1.33547
1.00558
0.799642
0.759971
0.471752
1.4539
1.23972
1.09164
0.857232
0.575068
1.06987
0.911375
1.01666
1.03928
1.06237
0.48023
1.04558
0.752554
0.973024
0.819891
1.10576
1.14859
1.113
0.804774
0.75353
1.19963
1.09269
0.685114
0.593375
0.866712
0.979273
1.3094
0.749442
0.706899
1.01813
0.175641
0.221194
-0.457176
0.0457926
-0.213262
0.00130247
0.254029
-0.0684557
0.00814611
-0.0945811
0.0679257
-0.112016
0.158466
0.421124
0.375024
0.0195503
0.360611
0.0197345
-0.0287869
0.109105
-0.228395
0.0941857
-0.38626
-0.0222002
0.226907
0.211726
-0.00666742
0.239205
-0.104795
0.0981783
-0.307919
-0.0580827
0.00499819
-0.086018
-0.0729093
0.168301
0.394076
-0.0931684
0.0771112
-0.248992
0.217125
-0.0966362
-0.121527
-0.0208542
-0.00838001
0.00800199
-0.0927013
0.0545694
0.0983948
0.114739
-0.0424621
0.0092655
0.428584
0.159473
-0.356427
0.153079
0.216064
0.104236
0.180039
0.178957
-0.154596
0.0779006
-0.16001
0.221296
0.196167
0.0354699
0.103107
-0.255895
0.0972492
-0.0666059
-0.0447475
-0.149593
0.257226
0.0793106
0.320248
-0.238753
0.0108645
0.0568604
-0.0180328
0.0493349
0.919866
1.11692
0.754494
0.980374
1.07878
1.13601
0.883814
1.10732
0.800794
1.11842
0.738171
1.25478
0.815246
0.77123
1.1387
0.767658
1.18813
0.736897
0.765598
0.91517
-0.175172
0.173618
-0.0868037
0.00611816
-0.0271243
-0.362993
0.189233
0.0427424
0.174119
-0.0727623
-0.21071
-0.144479
0.268856
0.0085188
0.0466191
-0.298167
-0.100693
-0.0978854
0.157427
0.057855
-0.361752
-0.00831777
-0.0756745
-0.184261
0.114143
-0.186799
-0.257995
-0.140581
0.120687
-0.346952
-0.311671
-0.242493
-0.0815527
0.141912
-0.0480609
0.112271
0.159238
0.242223
0.289701
0.0157926
-0.119074
0.191215
-0.35667
0.157079
-0.194907
0.121623
0.130696
-0.548594
0.0952036
-0.390253
0.00726482
0.031287
0.436414
0.0823364
-0.234923
0.0969308
-0.164817
-0.107836
0.151042
-0.0198809
-0.0607115
-0.210551
-0.0500387
0.0612879
0.147616
0.125462
0.0354496
0.0403183
0.151815
-0.36778
-0.152666
0.037875
-0.027406
0.0214381
0.308364
-0.104528
0.231324
-0.255529
0.712025
0.39838
-0.339033
-0.0686251
-0.224998
-0.451753
-0.260941
-0.0142162
0.0338483
0.396632
0.0391726
0.164832
0.296914
-0.121611
0.081875
-0.0211681
0.127902
0.124101
-0.110775
0.258797
-0.18449
-0.0762969
-0.0717524
-0.045679
0.210016
0.200737
0.0319887
-0.165296
0.0285216
0.140278
-0.138307
0.0242803
-0.155336
-0.28466
-0.169879
-0.157998
-0.132563
-0.0816436
0.0258636
-0.0831263
0.366211
0.185365
0.57647
1.10033
0.988868
1.2364
0.806374
1.05017
0.79887
0.964833
0.798569
0.943094
0.822766
1.36432
0.766104
1.16768
1.5153
0.804043
0.875802
1.11131
0.883619
0.910076
0.251745
0.334387
-0.185542
-0.00664296
-0.0133708
-0.040016
0.140263
-0.0282425
-0.17878
-0.164411
0.260533
-0.0806868
0.0520517
-0.21483
0.251318
0.07477
0.0365622
0.401318
0.101033
0.205588
-0.42809
0.188586
-0.146892
0.122473
0.033623
-0.209908
0.346569
0.124193
-0.294883
0.134388
-0.0836588
0.0590717
-0.106207
-0.0276163
0.0892961
-0.101818
-0.258032
-0.181129
-0.0900918
0.111264
1.00483
0.780614
0.82203
0.789488
0.880866
0.934132
0.764572
1.00712
1.05574
1.12078
0.791903
0.8545
0.807064
1.09408
1.12578
0.809573
0.886051
0.86533
1.01578
1.01532
0.82138
0.715559
0.714531
0.97964
1.24997
1.21779
0.939026
1.08829
0.828184
1.11676
0.900604
1.03124
1.13801
1.02217
0.720576
0.77984
0.741202
1.03198
1.08645
0.796465
0.0983544
0.0360365
-0.0496832
-0.268271
-0.220963
-0.00211824
-0.427895
-0.00594377
-0.304919
-0.268585
0.281278
0.160654
-0.540653
0.037572
0.325295
-0.224156
0.444378
0.136142
-0.103743
-0.462813
-0.154954
0.174468
-0.0263265
0.0177348
0.154588
0.379312
-0.0542159
0.11229
0.358643
-0.0430176
-0.121527
0.0343808
0.312148
0.181846
0.0353839
-0.000464743
0.08906
0.291352
-0.0663707
-0.381184
-0.0182616
0.0982741
-0.0839985
-0.101114
0.212502
-0.0844661
-0.248582
0.0741661
0.252584
0.0633084
-0.0097576
-0.132695
-0.106625
0.274118
-0.371833
-0.140641
0.105743
-0.0523076
0.0208551
-0.383789
0.78958
1.06953
1.00047
1.07219
0.995449
1.18762
1.02434
0.759797
0.967442
1.07376
0.819174
0.717556
1.3945
0.864793
1.4294
0.727081
1.00497
1.13142
0.533609
1.01665
1.07868
1.38374
0.890249
0.980645
1.01832
1.10474
1.21253
1.27746
1.0339
0.88897
0.745552
1.01818
1.27556
0.858074
1.26297
1.23661
1.06621
0.893735
1.13585
1.03127
-0.371538
0.214401
-0.118117
0.157568
0.0281041
0.177069
-0.00540241
-0.126782
0.0278243
-0.0339085
-0.0246673
-0.000576203
0.37522
-0.291766
-0.0497828
0.111815
-0.268844
0.110972
-0.305911
-0.125939
0.714857
0.970974
1.30439
0.748974
1.00785
1.04399
0.916781
0.695789
0.796889
1.13566
0.777917
0.987618
0.790835
1.14027
0.863692
0.916339
1.36448
1.13477
1.19679
1.19508
-0.140032
0.165691
-0.0770791
-0.0876002
0.155415
-0.291245
-0.359101
0.206824
-0.0268127
0.086056
-0.235359
-0.00480655
0.0316984
-0.349686
0.213392
0.0457986
0.0402121
-0.0173568
0.043139
-0.0291653
0.0707007
-0.0456597
-0.0593294
-0.172129
-0.0732882
0.0022244
-0.347902
-0.176059
0.123421
-0.325678
0.23397
0.0104193
-0.194049
0.07468
0.180179
0.289541
0.134937
-0.290488
0.00513993
-0.0877097
0.976235
1.08209
1.01694
1.14696
1.10892
1.32244
0.731627
0.962267
1.10187
0.876645
1.35688
1.42004
1.3185
0.976147
0.996973
1.09544
1.09554
1.11147
1.19401
0.927389
0.271214
-0.161879
-0.269786
0.237279
-0.24418
-0.144455
0.0526581
-0.0615435
-0.148338
-0.0572206
-0.313983
0.0265535
-0.288948
0.0149725
0.0783686
0.000237242
0.678419
0.0603966
-0.260063
-0.281662
0.761217
0.814882
0.813853
1.4359
0.999687
1.04087
0.957094
1.25603
0.843614
1.09276
1.12512
1.03195
0.77372
0.918621
0.811625
0.801484
1.07411
0.641219
1.05099
0.826385
0.915326
0.926444
1.07095
0.78111
0.568907
1.18057
0.77844
1.44629
1.22162
1.18311
0.840517
0.913467
1.06423
1.0179
0.799302
1.05475
0.815136
1.06401
1.01691
0.925658
0.97009
1.01198
0.71985
1.10569
0.907295
1.08552
0.919812
0.962683
0.988896
0.751974
1.11461
1.19566
0.769559
0.995322
1.17945
1.01283
0.701489
0.927678
0.672027
0.961767
-0.112865
0.12488
0.190029
-0.261521
-0.12943
-0.137462
-0.121401
-0.0543079
0.124224
-0.195954
-0.340311
-0.00653739
0.132975
0.00577591
-0.0637548
-0.114369
-0.271573
0.0603407
0.0668976
0.211951
1.26959
1.27023
0.940047
0.960958
1.11732
0.918393
1.20583
0.439899
0.923612
1.5082
0.855876
0.896543
1.03094
1.2136
1.39294
1.01342
1.30336
1.19089
0.937413
0.74805
-0.0463128
-0.213785
-0.164443
-0.377412
-0.083582
0.390704
0.201613
-0.287852
0.279597
-0.119655
-0.511176
-0.169786
0.180151
0.389922
-0.0229413
-0.146931
0.4687
-0.156646
-0.100577
0.469242
1.0102
0.760066
1.07196
0.989641
0.995
1.03296
1.10842
1.2024
0.720803
1.03276
1.20075
0.860211
1.21424
0.816461
0.96981
0.583002
0.910179
0.989507
1.25143
1.25576
0.159087
-0.143835
-0.517771
0.254736
-0.240999
0.0193888
0.2137
0.345121
0.0403755
-0.042988
0.0387705
0.156465
-0.184614
0.127442
-0.00409742
-0.14724
0.299399
-0.179568
-0.0595909
0.225493
1.08295
0.948655
0.869268
0.89387
1.04933
1.26303
0.836479
1.58253
1.00818
0.88471
1.09057
1.2736
0.485679
1.05918
0.72564
0.876863
1.24914
0.936834
0.966997
1.07841
0.600403
1.10554
1.05661
1.15412
0.55289
1.10444
0.889872
0.912946
1.10377
0.73216
1.07275
0.706118
0.93387
0.748389
1.09518
0.773961
1.14133
1.20181
1.25255
1.02999
0.424689
-0.108249
-0.0532972
0.13187
0.0977292
0.0148094
0.0184159
0.0928344
-0.043228
0.0128577
0.595983
-0.0348965
-0.168756
0.200328
-0.0108309
-0.488008
-0.361479
-0.105598
0.223358
-0.16026
-0.00887035
0.0600815
-0.0277975
0.216595
-0.521207
-0.226719
0.260872
-0.233713
0.00803326
-0.0741806
-0.165873
-0.335122
-0.00464337
0.302172
-0.367071
0.0706026
0.219205
0.0333788
-0.298099
-0.226182
0.205877
0.044461
-0.155928
0.0459452
0.0939018
-0.0784849
-0.243851
0.261349
-0.145177
0.147097
0.366215
0.413099
-0.117273
-0.0531049
-0.275283
0.0509288
0.137397
-0.0323122
-0.00319002
-0.222506
0.947089
0.845685
1.30455
1.08976
1.29603
0.79204
0.971842
0.807015
1.01943
1.15634
1.03906
1.07497
1.24845
1.20725
1.12671
0.914751
1.06336
0.919692
0.97902
0.793261
0.00628349
0.332562
0.00115212
-0.0483915
-0.0390405
0.00875486
-0.101808
-0.338263
-0.0472206
-0.563124
0.107441
0.0304164
0.0728566
-0.556062
-0.148679
-0.0346189
-0.157532
-0.274813
-0.136095
-0.269077
-0.0306823
0.0348467
-0.184074
-0.00806199
-0.134326
-0.290088
0.089594
-0.246662
-0.275569
0.44978
-0.0871715
-0.216403
-0.143311
-0.0553496
0.381539
-0.0699614
-0.213308
0.0968099
-0.090757
0.124542
1.00582
0.957976
0.661626
0.939733
0.421364
1.13568
1.14458
0.955081
1.44985
1.09424
0.962754
0.889393
1.23686
1.02829
1.10887
0.988052
1.22665
0.972272
0.942579
0.845133
1.24773
1.15981
0.736064
1.1516
0.925031
1.5023
0.989292
1.32928
0.942466
1.1134
1.03511
0.809589
1.08472
0.859953
1.30014
0.945889
1.07641
1.12291
0.858063
1.32834
0.0914725
0.0939389
0.0173776
0.244278
0.30575
-0.34647
0.329536
-0.0813015
-0.177299
0.185801
-0.141568
0.354679
0.226839
-0.0569455
0.0655706
0.138632
-0.32581
-0.134958
-0.0780005
0.113875
1.20277
1.25356
0.936826
0.989681
0.924551
1.47966
0.842356
0.926397
0.493518
1.08227
0.873093
0.467227
0.87417
1.21959
1.41979
1.21868
0.944017
1.25182
0.799317
0.619087
-0.0136797
0.0101604
-0.565738
-0.370618
0.519174
-0.192502
-0.211749
-0.306266
0.136499
-0.25939
-0.134608
-0.0202877
0.284392
0.343598
0.109034
0.103287
-0.272157
-0.0893989
-0.045355
-0.101195
0.106944
0.269921
0.197634
0.027888
0.306958
0.0738483
-0.248864
0.120641
-0.0858913
-0.284447
-0.1929
-0.000272159
-0.0795389
0.321812
0.0583809
-0.0809629
0.0484754
-0.254364
-0.34206
0.0580649
1.04941
0.778657
1.0063
1.02151
1.08354
0.886706
1.00581
1.21997
1.10713
0.979787
1.07128
0.907203
1.03618
0.767274
1.07956
0.954057
0.906227
1.28649
0.980257
0.821995
0.321959
-0.102482
0.232343
0.118006
0.224049
0.304566
0.0885068
-0.361391
0.156007
-0.164653
0.221848
-0.0887556
-0.106689
-0.115361
0.139846
0.0575069
-0.307434
0.181403
-0.188719
0.239263
0.960948
1.30686
1.11215
0.897847
0.910496
1.14238
1.07877
1.06113
1.20783
1.13223
0.832577
1.15442
1.07188
1.28924
1.15281
1.08261
1.16538
0.967329
1.01842
0.933684
1.25721
0.996683
1.09303
0.671618
1.30445
1.00396
1.00088
0.983004
1.17499
0.714601
0.926616
1.25645
1.40009
1.10215
0.550956
1.00506
1.00279
1.13147
1.21268
0.703202
-0.530516
-0.172083
-0.125766
0.00815789
0.0776667
-0.135434
-0.131196
-0.0816404
0.149669
0.134896
-0.0326344
0.236611
-0.207555
0.132434
-0.110918
-0.405636
0.26758
0.0627887
0.0236236
0.00349208
0.958824
0.846873
0.735731
1.25064
0.718518
0.940356
1.25071
0.926746
0.819463
1.39436
0.993571
0.986627
0.87469
0.748793
1.02531
0.61455
0.891435
0.788833
1.13234
0.900866
1.03383
1.28523
0.557427
0.831506
0.884644
0.84198
1.029
1.19477
1.08152
1.05108
1.10743
0.942058
0.901764
0.873081
1.15054
1.11883
1.09036
1.08473
0.964472
0.801533
0.0250301
0.0447377
-0.147523
0.139206
0.189828
-0.350549
0.207933
0.0457176
0.119756
-0.200623
-0.265119
0.431982
0.12756
0.355051
-0.0553358
0.273376
-0.0535267
-0.348624
-0.41274
-0.313622
0.876985
1.21941
0.828478
1.07716
0.898238
1.08001
1.06577
0.974882
0.556583
1.1631
1.28684
0.849759
1.03761
0.75998
1.03733
0.966347
0.733602
0.889761
1.01907
0.831384
-0.177516
-0.193984
-0.188866
-0.205617
0.129505
-0.0341905
0.0384286
-0.307986
0.206546
-0.336318
-0.0788348
0.389337
0.529529
-0.224503
0.130993
-0.138736
-0.208297
0.428743
0.0275409
0.168725
0.821029
0.794069
1.03438
1.28801
1.0658
0.935545
1.05074
1.28454
0.867988
1.16843
1.17579
0.893518
1.44258
0.791022
1.00405
1.22113
0.948377
1.09491
1.13985
1.14412
0.868222
1.10729
0.979924
1.06317
1.175
0.787912
1.07068
1.22992
0.780169
1.02479
0.512712
1.01149
0.731367
0.904236
1.25913
0.953591
1.21897
1.04009
0.818364
0.763519
0.0796265
0.170384
0.190095
0.214726
-0.364888
-0.10114
-0.0170699
0.198883
-0.00103147
-0.180509
0.241498
-0.238642
-0.13161
0.306757
-0.131947
0.0387831
0.3032
0.0292783
0.0320694
-0.278691
1.00043
0.818708
0.88757
1.01767
0.4426
1.20497
0.743301
0.95519
1.04026
0.851468
1.1204
1.49671
1.30331
0.77969
1.13122
0.558037
1.03213
0.931886
1.20561
1.01007
0.569313
1.01932
1.01413
0.866022
1.13135
0.852174
1.21388
1.06246
0.850677
0.864951
1.40353
0.859721
0.936717
0.678334
1.09822
1.14933
0.649834
1.01102
0.966762
0.680056
1.19012
1.09956
1.3519
0.672594
1.50219
0.860436
0.855659
1.06263
1.28997
1.206
1.21153
0.832902
1.15326
1.08588
1.22603
0.82555
0.802038
0.808902
0.747881
1.26465
0.963136
1.01025
0.992717
0.785522
0.73087
1.22953
0.815605
0.713784
1.04802
0.773796
1.12076
1.10917
0.76027
1.3526
0.827194
1.17271
1.41175
0.905561
0.845164
1.00275
-0.0150529
0.228445
0.16832
-0.0916229
-0.426475
0.119374
-0.0953476
-0.282915
0.186123
0.0619766
-0.15314
0.0880165
0.260779
-0.0825415
-0.103531
0.0969198
0.201442
-0.324281
-0.128914
0.0203953
1.19794
1.01096
1.17478
1.20222
0.827424
1.00588
1.10316
1.13357
1.12939
0.987614
0.525177
1.03145
0.95531
0.797642
0.968675
1.17583
0.928612
0.661947
1.31396
0.996075
1.1003
0.885517
1.0191
1.27712
1.14206
0.743548
1.06785
0.727914
1.12747
1.2826
1.17887
1.00691
1.1436
1.08601
0.912393
1.45071
1.07738
0.874408
0.688779
1.03042
0.872004
0.950152
0.728411
0.989463
0.555802
0.949318
0.645827
1.19397
0.742466
0.997201
0.993291
0.897462
0.922725
1.10047
0.606098
1.07696
1.08594
1.11577
1.24496
0.861353
0.083347
0.381796
-0.408052
0.234756
-0.310135
-0.0873085
0.535338
0.159296
-0.19647
0.171778
0.165815
-0.278268
-0.0199357
-0.276604
0.0557381
0.110231
0.277607
0.366857
-0.156662
-0.08721
0.593167
1.25394
0.914905
1.15424
0.734869
1.26012
1.08212
1.24602
1.11645
0.795481
1.09483
1.13027
0.671572
0.976525
0.789865
1.05711
1.00504
0.85424
1.13119
1.00907
1.04105
0.847257
1.12388
0.888504
1.14395
0.811961
0.928952
0.503709
0.990775
1.03394
0.649892
1.0112
1.21303
0.94384
0.974725
0.971384
1.10636
1.15234
1.05676
1.00109
0.0605705
0.115341
-0.120114
-0.163464
-0.0622654
0.102507
-0.0943744
-0.225572
0.226673
-0.0678664
0.09938
0.0165088
0.0639677
0.11914
0.289852
-0.316526
-0.161588
0.184596
-0.0687031
0.0464635
0.249965
-0.384308
-0.281013
-0.190433
-0.00476083
-0.0265567
-0.205615
-0.0774795
-0.0322548
-0.191134
-0.125409
0.179117
-0.182221
0.102636
0.0143179
0.214039
-0.197236
-0.120559
0.376267
-0.0386099
0.967446
0.963237
1.14852
1.14482
1.30057
0.889179
0.894466
0.754344
0.743204
1.27375
0.875493
0.933661
0.537015
1.10485
0.749475
0.892518
0.696619
0.916149
1.01909
1.34474
0.192144
0.439703
0.146323
-0.0139654
0.115769
-0.0564332
0.223327
-0.0395549
-0.115675
-0.182049
0.0976854
0.0928982
0.0931715
-0.256954
-0.371829
-0.231871
0.230932
-0.162292
0.196832
-0.0978438
1.11702
0.82969
0.897731
1.05015
1.33456
1.30261
0.930424
0.991201
0.960099
1.29328
0.996617
0.626645
1.1136
1.03647
1.27741
1.06965
0.844984
1.00156
0.718162
0.817087
0.18883
-0.0277367
0.0351372
0.0882059
0.145048
0.143894
-0.231434
-0.268927
-0.180477
0.0964919
0.452987
-0.0871395
-0.0964596
-0.150574
0.112105
-0.00852122
0.0383871
-0.407794
0.271615
-0.00147031
0.229012
0.0333446
-0.246424
0.267949
-0.072112
0.031823
-0.0336087
-0.230616
0.352849
-0.457287
0.300989
0.362554
-0.393371
-0.00864857
-0.00469676
0.0218969
-0.326169
0.16077
-0.0292959
-0.14942
0.155484
0.197299
0.135555
0.095316
0.324035
0.276829
0.0948922
0.315193
-0.125806
-0.295879
-0.352478
0.336063
0.16079
-0.132968
-0.10196
0.110396
-0.30316
-0.124243
-0.00488746
-0.170057
0.0334446
0.265228
0.0614954
-0.0968269
0.00733211
-0.217316
-0.266515
-0.134619
-0.296983
-0.29546
-0.0989922
-0.105892
-0.0276513
0.358057
0.545182
0.226402
0.397914
0.14262
0.0699472
0.425053
0.245735
-0.119016
-0.11481
0.057969
-0.128554
0.126322
-0.0918163
0.125617
0.139752
0.0149
0.110008
-0.176067
0.0613311
-0.106572
-0.0395521
-0.220342
0.123
-0.00711785
0.242518
0.0993192
-0.0113771
0.0452786
0.124492
-0.0545654
0.0142601
-0.117301
-0.0560883
0.0769011
-0.0594672
-0.227408
-0.130603
-0.0125258
-0.24872
0.125958
0.143613
-0.0759628
0.0755797
-0.0869595
-0.128876
-0.0901693
-0.0804945
-0.515573
-0.0930384
-0.268674
-0.342
-0.261178
-0.153178
-0.308996
-0.0172847
0.344147
0.0832159
0.256354
-0.158964
-0.113392
0.168325
0.125129
0.311701
-0.00631543
-0.0526827
-0.186658
-0.0508471
-0.154577
0.0731285
0.204447
0.144449
-0.0308745
-0.0164241
0.0111228
0.310295
0.0561115
0.457882
0.120895
-0.131014
0.0757905
0.0487426
0.248329
-0.0969744
-0.194238
-0.277234
0.0897757
-0.142526
-0.149754
0.0780985
-0.0901279
0.278448
0.233857
0.248853
0.143837
-0.124861
0.124503
-0.0271042
0.013579
-0.121018
-0.141659
-0.0140741
0.433062
-0.0192518
-0.127416
0.18079
0.00265011
-0.0158549
-0.191048
0.0494414
-0.0621067
-0.323151
0.147332
0.334159
-0.0151195
0.0841589
-0.122731
0.257379
0.19992
-0.125116
0.605966
0.0143889
-0.317054
-0.572346
-0.0143038
-0.37073
0.112313
0.282472
-0.309031
0.060635
-0.0648885
0.24122
-0.238276
-0.0568619
0.165096
-0.0856493
0.0568969
-0.119222
-0.0462183
0.204113
-0.210772
-0.0308503
0.101905
0.132153
0.0354816
-0.0907802
-0.048889
-0.260989
-0.200319
-0.156736
-0.00721739
0.0381298
0.0863848
-0.172496
0.151589
-0.55105
0.0263601
0.0779362
0.280635
0.0772952
0.227093
-0.160723
-0.251706
-0.495166
0.0400532
-0.135565
-0.129536
0.231337
-0.18937
0.103082
-0.146503
-0.574635
-0.189589
-0.0909813
-0.00491593
0.16871
0.0108576
-0.0885753
0.248332
0.0360769
-0.27757
0.103011
-0.328695
0.111911
0.436093
0.0117705
0.0234498
0.0377825
-0.231591
-0.17288
0.44844
-0.0296529
0.0546837
0.285542
-0.172364
0.312148
0.149545
0.0431242
0.0523944
0.293786
-0.200706
0.343413
-0.215417
-0.0943718
-0.032018
0.118579
-0.00760686
-0.224623
-0.030472
-0.183262
0.393532
-0.00806071
-0.0982239
-0.248979
0.246968
-0.207018
-0.30572
0.191546
0.0780619
0.170186
0.373692
-0.200348
0.312061
0.154399
-0.437324
-0.0309589
0.106155
-0.337508
-0.174932
-0.0578374
0.199467
0.131242
-0.129515
-0.0310297
0.216308
-0.0518427
-0.194069
-0.0698383
-0.141672
-0.236957
-0.194996
0.231481
-0.0524836
-0.0899819
0.0135418
-0.112805
0.0501287
-0.190015
0.211473
0.0437694
-0.00617944
-0.195024
-0.00924004
0.0393074
0.172699
0.269335
-0.0463545
0.0755475
-0.360033
0.126909
-0.216361
-0.0166778
0.276824
0.178196
0.0697828
-0.171578
0.00440934
0.232934
-0.0401057
0.24486
-0.16779
0.108528
-0.0810842
0.197263
-0.180526
0.194345
0.117603
0.0478899
-0.264338
-0.14366
0.081433
0.359879
-0.327452
0.190714
0.163017
-0.13332
0.0753359
0.283352
0.120689
0.259899
-0.2265
-0.236005
0.139761
-0.0385955
-0.252153
0.0500321
0.0755661
-0.272783
0.0869312
0.372422
0.0247406
-0.0594669
0.0180499
0.0999727
0.143451
-0.263463
0.0805374
0.0721734
0.456037
0.0266742
-0.178944
-0.100871
-0.0639878
0.0714573
0.0563756
-0.0361056
-0.081799
-0.291578
-0.00438648
0.0245736
-0.072327
-0.0241569
-0.0478132
0.195928
-0.108629
0.115301
-0.13324
-0.397244
0.252052
0.22051
-0.270598
-0.131235
-0.065895
-0.591413
-0.367925
0.263713
-0.0184861
-0.00155768
0.0236247
-0.134394
0.0170045
0.0678133
-0.281671
0.379872
0.0467872
-0.151063
-0.376438
-0.155983
-0.262358
0.140875
-0.0226891
0.234584
-0.0563242
-0.205902
-0.0665749
0.351065
-0.155168
0.149645
-0.182674
-0.159894
0.219138
0.0259412
-0.00772535
-0.105621
0.0378025
0.0144927
0.0400616
-0.218991
-0.121611
0.225374
0.0255892
-0.0778975
-0.415804
-0.0712209
-0.277637
0.0109217
0.249855
0.163811
0.13837
-0.153396
0.158806
-0.230192
0.0593905
-0.0144688
-0.0217013
-0.378142
0.151746
0.0515961
-0.415508
0.0285172
0.381018
0.249795
-0.138442
-0.121905
-0.103244
0.118579
-0.267259
0.030484
0.0618628
0.122878
-0.166159
0.105936
0.472215
-0.0931274
0.0447302
-0.0160915
-0.394006
0.104399
0.0686115
0.374283
0.00216035
0.290722
0.608785
-0.054877
-0.15774
0.198825
0.103545
0.048469
0.207866
0.0340063
0.0775995
0.560513
0.0878718
0.105251
0.180438
-0.0048616
0.0961973
-0.268677
-0.000769013
-0.247524
-0.00394659
-0.108354
0.30212
-0.262178
-0.150238
-0.00186851
0.151411
0.0969123
0.0322283
0.216885
-0.375806
0.269851
0.00796999
0.00374112
0.0436259
-0.247423
0.15976
0.223041
0.0993875
0.12013
-0.0148307
-0.00443846
0.192037
0.226221
-0.174075
0.0463258
0.249416
0.0443799
0.174694
-0.26469
-0.0818313
-0.102837
-0.27138
0.204131
-0.0455243
0.289971
0.0753677
0.417171
0.141907
0.462835
-0.458875
0.0198657
-0.0365217
-0.104977
0.259948
0.0123886
-0.11616
0.0407412
0.0365346
0.0446301
0.205084
-0.213204
-0.08536
0.0866223
0.23121
0.257113
0.175017
-0.278668
-0.0462915
0.0567128
-0.106212
0.106751
0.123893
-0.346115
0.00651338
-0.274654
0.207761
0.0565538
0.194973
0.261115
-0.229355
0.222261
-0.211051
0.0754041
-0.0353989
-0.150038
0.0412434
-0.123768
-0.00258508
-0.0586195
-0.295286
-0.344926
0.0939754
-0.0760769
-0.0970639
0.172732
0.0529192
0.115751
0.266141
-0.186046
-0.338832
0.0474019
-0.0817217
0.0468584
-0.221173
-0.0439188
-0.119938
0.0113882
-0.119144
0.128964
0.0331842
0.316049
-0.141919
-0.11119
-0.00735813
-0.459039
-0.0388561
0.205485
-0.300391
0.112426
0.240077
0.0910557
0.00433588
-0.235443
0.135774
-0.25251
0.0782216
-0.0580053
0.0776141
-0.229558
0.00211296
0.298096
0.060839
-0.289439
-0.089378
-0.264647
0.133732
0.0531514
-0.163183
-0.318454
-0.0061642
-0.0445938
0.206552
0.00667657
0.142093
0.0393106
-0.100758
0.284263
0.0331435
0.146616
-0.0833475
0.104028
-0.296025
-0.15493
-0.304412
-0.075519
-0.152167
-0.0088728
-0.300877
-0.00352562
0.146493
-0.138838
0.076138
-0.0768815
0.14461
-0.163121
0.00989439
0.0189705
0.183653
0.0759421
-0.0432454
-0.308594
0.14946
0.117234
-0.247563
0.140021
0.246991
-0.259053
0.384047
-0.297097
0.0533027
-0.424321
0.193716
-0.0611851
-0.0791
0.371094
-0.104226
0.0826573
-0.140686
0.0848536
0.134149
0.119552
-0.240627
0.129193
0.261047
-0.0337488
-0.226736
-0.241559
0.316125
-0.123292
-0.308917
0.175672
-0.075031
0.182444
0.0606255
-0.000728517
-0.00193068
-0.0046458
-0.0570438
-0.0773672
0.168732
-0.3788
0.0932287
0.150524
-0.103239
-0.0227584
0.1505
-0.313463
-0.316597
-0.6588
-0.0556386
-0.01821
-0.586428
-0.225534
0.147181
-0.0298839
0.107797
-0.254133
-0.0696556
-0.194378
-0.150993
0.0667171
0.134307
0.085728
0.100113
0.00186447
-0.037658
-0.287682
-0.159867
-0.188233
-0.0946404
0.354047
0.00472559
0.287905
0.279984
0.00900229
-0.0106006
0.336366
0.0706218
-0.0713733
-0.095071
-0.00670514
0.324407
0.26787
0.470191
0.0793609
0.0256728
0.00744793
0.259022
-0.049997
-0.0294133
-0.0957566
-0.102282
0.182687
-0.0526834
0.106773
0.134717
-0.156512
-0.0030489
-0.192721
0.225531
0.047197
-0.0526459
-0.0451457
-0.00272834
-0.080449
0.166109
-0.14464
0.140549
0.293957
0.0873824
0.249739
0.0433235
0.0491779
-0.162634
-0.194115
-0.204605
-0.172039
-0.036416
0.233615
-0.339122
-0.108694
-0.445532
0.301589
-0.0257813
0.0951359
-0.234386
0.109752
-0.261452
-0.0880114
-0.0234895
0.451627
0.190851
0.313756
-0.0371682
-0.166312
-0.166836
-0.200093
-0.0163314
-0.0460119
0.0926858
-0.52415
0.0375561
-0.0602249
-0.493106
0.21583
0.0699153
0.0422926
0.178815
-0.181449
0.187241
-0.134154
0.134738
0.0763155
-0.0201097
-0.0816719
-0.0255581
0.210676
-0.106896
0.165315
0.329261
0.13786
0.0909517
-0.792372
0.169168
0.0939644
0.044845
-0.160822
0.267914
0.0395735
-0.18708
-0.0264529
-0.0597794
-0.29025
0.0654315
-0.230917
-0.142371
0.165557
0.0323098
-0.179301
0.0964623
-0.0551064
-0.190764
0.226206
0.167944
-0.0313243
0.0601797
0.420583
0.106297
-0.34867
0.356485
-0.189424
-0.0416452
-0.0267435
0.0024931
0.0591624
0.00754329
0.154504
-0.160778
-0.146694
-0.0186905
0.0696059
-0.032196
0.242937
-0.200982
-0.00718034
-0.0421869
0.203053
0.0131223
0.135565
0.00685894
-0.215514
-0.363348
-0.163844
-0.113983
-0.45372
0.249639
-0.0274589
0.0208191
-0.225073
0.355645
-0.135462
-0.112337
0.154519
-0.155742
0.134355
0.0256398
-0.0689043
-0.0880347
0.0991049
-0.216535
0.227204
0.0170404
0.282788
0.0935786
0.365462
0.179721
0.0760204
0.143042
0.0301301
0.0143258
0.129085
-0.209561
-0.106726
0.0444787
0.362035
-0.0840851
-0.155377
-0.1061
-0.469399
-0.0755508
0.220778
0.0113672
0.0423114
-0.117306
-0.149206
0.0809735
0.304214
-0.248382
0.0221996
0.0526662
0.281532
0.129208
-0.107426
-0.295536
0.0696676
0.209728
-0.0740196
0.307516
-0.0674743
0.364421
-0.148557
0.0320406
0.0257801
-0.0676828
0.0542865
-0.0339998
0.0793879
-0.0830925
0.167756
0.213752
0.368779
0.107802
-0.139988
0.00696909
0.313143
-0.131832
0.027444
0.242837
-0.138902
-0.339766
0.456206
0.452092
-0.18881
0.0567982
0.0869129
-0.0636237
0.253765
-0.00165593
-0.284951
-0.195203
0.208454
-0.091939
-0.0475293
-0.0394727
-0.0727191
-0.0947796
0.262159
0.132258
-0.234096
0.25982
0.433602
-0.241017
0.252625
-0.251397
-0.389971
-0.327721
-0.456319
0.255838
0.279478
-0.097172
0.090928
-0.327265
-0.135212
-0.0508973
-0.108095
0.426209
0.0914607
-0.00957028
0.0714368
-0.0582852
-0.0839227
0.217353
0.434426
-0.00468356
-0.335453
-0.1746
0.00448355
-0.186106
0.413197
-0.0541512
-0.0628009
0.214004
0.272188
-0.00642027
0.170907
0.0230432
0.340292
0.302875
-0.168501
-0.229706
-0.27046
-0.0142377
-0.283875
0.115496
0.0891476
0.226457
-0.233367
-0.179174
0.32297
0.304635
-0.0347417
-0.249507
0.00998056
-0.070926
-0.180453
0.0159476
0.125864
0.14468
-0.346971
0.0330344
0.137184
-0.138441
0.514314
-0.390576
-0.00127095
-0.346146
0.0372834
0.164123
-0.0827628
-0.0385547
-0.185576
0.135147
-0.151989
-0.155344
0.0290825
0.275836
0.159614
-0.0527381
0.307626
0.241215
-0.305736
0.0694264
-0.0688414
-0.0105457
-0.0386792
0.113171
-0.0167536
-0.237317
0.209817
0.0559429
-0.0204428
0.330488
-0.00733074
-0.10462
0.0628881
-0.0843477
-0.152324
0.154644
-0.260984
0.193182
0.0978465
0.113031
0.092276
0.00105943
-0.0506407
0.0755518
0.161614
-0.0365547
-0.243532
0.0236041
-0.105558
-0.135712
-0.406979
-0.214818
-0.318059
-0.194934
-0.147613
-0.051888
-0.186546
-0.0720208
0.0785405
0.00731403
0.0622596
0.0208575
0.0551584
0.139563
-0.143905
0.0959401
-0.160097
0.12048
-0.231126
-0.0778342
-0.00160287
0.0405439
0.0295426
0.136061
0.0430079
-0.203914
-0.395405
-0.0529048
0.0654839
0.149643
-0.0871888
-0.303426
0.188696
0.11241
0.151648
0.162922
0.203171
-0.0437197
-0.247403
-0.0866132
0.0272244
-0.170995
0.0120019
-0.0786804
0.132803
0.00727325
0.105359
-0.147125
0.230852
0.17468
-0.308147
-0.0091877
0.253368
-0.215999
0.00351294
-0.156029
-0.107835
0.0434561
0.31678
0.0290173
0.323393
0.126033
0.209206
-0.187022
-0.308684
-0.170615
0.0928298
-0.0066466
-0.368717
0.0483979
-0.00216274
0.077179
-0.0826892
0.352161
0.265064
0.136705
-0.144405
-0.0162882
0.372211
-0.0203817
-0.0972164
-0.30532
0.0798517
-0.0197001
0.137751
0.438666
0.13332
-0.18156
0.269733
0.272969
-0.19867
-0.0461926
0.374667
-0.0901104
0.384674
0.216092
-0.191963
0.239363
0.441887
-0.276278
0.574879
0.11628
-0.0194617
0.179271
-0.248312
-0.271219
0.0949123
-0.0874261
0.229405
0.00460478
0.4343
0.0393715
-0.0180123
-0.379154
-0.247614
-0.0335313
-0.170525
0.0484345
0.159749
-0.228855
0.369403
0.12883
-0.0848248
0.0814936
-0.0177087
0.583951
-0.100018
-0.040414
-0.19549
0.0425153
0.201307
-0.218055
0.116949
0.193482
-0.102958
0.177358
-0.148591
0.298244
0.0933711
0.233837
0.0370528
-0.350843
0.118928
-0.22985
0.37176
-0.12549
0.256955
-0.0697058
-0.247252
0.0780966
-0.505472
-0.156003
0.182789
0.22277
-0.112273
0.191144
-0.0485168
0.125708
0.0677622
0.148105
0.0936247
0.022505
-0.103534
0.195577
-0.346603
-0.0955037
0.253516
0.171168
0.194851
-0.301641
0.106481
-0.150801
-0.305559
-0.157254
0.181608
0.0931623
0.269829
0.0227423
0.0578859
0.221516
-0.216648
0.478876
0.183785
-0.351955
-0.161979
0.0609903
0.0793413
0.161602
-0.21042
-0.0858786
0.0760178
-0.02916
0.030821
-0.0371604
0.172844
0.0953771
0.357351
0.208687
0.35535
0.257179
-0.276542
0.130134
-0.368186
-0.221215
-0.149705
0.108976
-0.0315194
0.121436
0.0317424
-0.170561
-0.262159
-0.11404
0.0703355
-0.293984
-0.0166828
-0.343031
0.0887593
-0.0839689
0.204313
-0.217937
0.0549982
0.0797213
0.0735908
-0.513853
-0.277952
0.330171
0.195771
0.118259
-0.460569
0.186409
-0.143699
-0.0116914
-0.00633332
-0.179808
-0.0731904
0.107419
0.0454346
0.179436
-0.306483
0.224776
-0.181224
-0.175753
0.00133407
0.106375
-0.15649
0.345757
-0.0157902
-0.113546
0.170503
-0.116311
0.0717072
0.099241
-0.0208846
0.193034
0.0926309
-0.0345476
-0.274068
0.335172
0.0225319
-0.196241
0.0401102
0.458776
-0.0127967
0.136949
0.13148
-0.119474
0.471524
-0.210269
-0.146571
-0.101504
0.0427684
0.432016
-0.240156
-0.0580583
0.0947486
-0.186856
-0.092235
-0.218684
0.0573409
0.0845799
0.0227395
-0.278469
0.276959
-0.355831
0.124984
0.0581137
0.112913
-0.0212097
0.360751
0.141452
-0.0985699
-0.0247068
-0.266505
0.141501
-0.0331681
-0.0991432
0.194492
-0.0438811
0.195328
0.0254331
0.0772982
-0.29334
-0.149267
-0.257617
-0.28716
0.131853
-0.0534301
0.263627
-0.450444
0.013521
-0.0456991
0.0503362
-0.162408
0.0763585
0.0298604
-0.279532
-0.0904491
-0.0875817
-0.268599
0.435748
-0.0489443
-0.174974
-0.0461626
0.306818
0.555251
-0.183346
0.182463
-0.219458
-0.208865
0.43383
0.204294
0.00819515
0.284524
0.121281
-0.0151991
-0.0866861
0.0461248
0.0354112
-0.0305132
0.318309
0.0208728
-0.360776
0.101195
0.372618
-0.162954
0.134665
0.0598758
0.0959291
-0.0423933
-0.37623
0.284469
-0.296516
-0.309395
0.213925
-0.128692
0.216431
0.00784446
0.28329
-0.206719
-0.266857
-0.0920278
0.226129
-0.105723
0.138988
0.14425
0.092652
-0.20324
0.0311211
0.240605
0.464794
-0.072874
0.255598
0.126803
0.187041
0.189291
0.0834493
-0.257583
-0.222052
-0.107139
-0.207627
0.0716502
0.163617
-0.0242248
-0.132617
-0.13335
0.513792
0.101021
0.0387689
-0.159611
-0.0085557
0.369003
-0.0141984
-0.0838363
-0.00763861
0.0278368
-0.337491
-0.0929023
0.132273
0.114032
-0.251257
-0.422942
-0.0263606
0.210495
-0.306076
-0.161696
0.0503552
0.125844
0.117238
0.0855002
-0.0433112
-0.157859
0.157099
0.17031
0.112115
-0.306211
-0.0588129
-0.0207385
-0.0625854
0.26834
0.107868
0.105151
-0.0647232
0.116803
0.00767014
-0.0535851
0.0293179
-0.00228583
0.275496
0.0686838
-0.127006
0.165788
0.0377266
0.0691674
0.553222
-0.0661344
0.00634335
-0.0218246
-0.138083
0.377708
-0.255146
0.00585187
-0.199845
0.159872
0.129211
0.177426
-0.0807708
-0.155145
0.24016
-0.0345216
-0.0260864
0.03379
0.113717
-0.393621
0.087309
-0.198815
-0.21083
0.319214
-0.0778247
0.205378
0.0699739
-0.113063
-0.561512
0.0693197
-0.0455044
0.0426854
-0.175055
0.245768
0.202451
0.0429034
-0.416953
0.280916
-0.146189
-0.728476
0.152413
0.117813
-0.00671808
-0.00667897
-0.0119384
0.197792
-0.0679643
0.218035
-0.33053
0.0604275
-0.206881
0.0399812
0.0989641
-0.0104619
0.0977563
0.155483
0.0771571
-0.0431185
-0.175654
-0.168117
0.0345601
0.0755429
0.0194226
0.0133427
0.457354
0.108147
0.0614614
0.117519
0.132916
0.170944
0.182545
-0.00348111
0.101828
-0.356448
-0.163805
-0.219835
0.00689235
-0.286864
0.0159043
-0.0157111
0.479321
0.495664
-0.0848472
0.176621
0.139613
-0.222615
0.199918
-0.326099
-0.141611
-0.0519893
-0.250843
0.00645313
0.232693
-0.231575
0.0226283
0.0839382
0.284208
0.0118691
0.0884986
-0.0648145
-0.319471
-0.306914
-0.0248034
0.0890317
-0.328521
-0.125997
0.319525
0.122299
0.0877213
-0.260998
0.110072
0.0100229
0.105988
-0.362724
0.0932521
0.00672924
-0.42677
-0.164094
0.0880743
-0.0689839
-0.204939
0.129391
0.0520319
-0.11184
0.1069
0.135937
0.284265
-0.00565693
0.360843
0.0719827
-0.182936
0.0618875
-0.041706
0.0265667
-0.123249
-0.0877184
0.0586241
-0.273641
0.100216
0.0718341
-0.0143464
0.0349815
-0.0020274
0.070898
0.277812
0.134367
0.0334827
-0.193386
0.302452
0.178536
0.0126564
-0.00605478
0.096935
-0.104128
0.0258994
-0.234126
0.209373
-0.10792
-0.0879199
0.304725
-0.023323
0.201341
-0.221571
-0.0971545
-0.22421
0.259124
-0.60325
-0.114988
0.333784
-0.288898
-0.0175166
-0.0478965
-0.382117
-0.0137462
0.229875
0.24192
-0.0795192
-0.182481
0.0199707
-0.214764
-0.115743
-0.0367066
0.101306
-0.166464
0.0049631
-0.398423
0.286625
0.0433798
0.217174
-0.101996
0.0750257
0.108415
0.0090395
-0.0140058
0.262752
0.0892483
-0.380187
-0.0675406
0.120958
-0.22738
0.175691
0.452266
-0.0837571
0.0614147
0.171343
-0.243319
0.0887653
-0.0328515
0.48756
0.443208
-0.0286232
0.140004
0.258238
-0.0749021
-0.217183
0.166709
0.00121363
-0.121911
0.202134
0.157693
0.169869
-0.128701
-0.133964
-0.0787184
0.155049
0.0980272
-0.0386473
-0.13705
-0.261661
0.186608
-0.0678951
-0.142716
0.516048
-0.0555889
-0.228969
-0.0947925
-0.176607
0.123606
0.156479
0.162445
-0.260918
-0.325787
0.0122682
-0.0678369
0.0641718
-0.387416
0.00339325
0.0383589
0.0449136
-0.10362
-0.418167
0.14375
0.0415428
0.160701
-0.041211
-0.013397
0.124982
-0.458823
0.309388
-0.0620163
0.0791054
0.0751066
0.313267
-0.170939
-0.294198
-0.52563
-0.291842
0.0767621
-0.0844643
-0.169125
-0.534589
0.125575
-0.232529
0.151008
-0.11427
-0.0590512
-0.169004
-0.1479
0.252732
0.00917304
0.0473934
0.106666
-0.0582735
-0.135012
0.119713
0.580318
0.160104
-0.204942
0.0557397
0.202017
0.135896
-0.0738758
-0.0149094
-0.299611
-0.254919
-0.266118
-0.0728821
0.0611239
-0.153328
0.030402
0.0810469
-0.0272542
0.135053
-0.0461569
-0.0587182
-0.0572073
-0.0954539
-0.21028
-0.226824
-0.1196
0.00100453
0.116985
-0.135952
-0.259726
-0.0981108
-0.23691
0.121863
0.0141316
-0.133639
0.00880378
0.212595
0.276564
0.00750641
0.0953174
-0.103189
0.0365675
0.103219
-0.100525
-0.0821625
0.2549
-0.039919
-0.0647934
-0.106438
0.0853966
0.181774
-0.296815
0.038383
0.104445
-0.172909
0.228978
-0.118757
0.277046
-0.433066
0.121149
0.0218947
0.0103201
-0.0426177
-0.24116
0.141152
0.231549
0.048847
0.123384
0.244844
-0.271829
-0.00880307
0.261783
-0.00692099
0.168211
0.259585
-0.311984
0.0551183
-0.188184
-0.321845
0.115205
-0.186015
-0.00713363
0.110925
0.12387
-0.0825862
0.125693
0.480779
-0.174128
0.0543781
-0.192088
-0.313844
-0.297543
-0.250131
0.161291
0.322469
0.223853
0.0903048
0.0600342
-0.0852661
0.114525
0.00185615
-0.281047
-0.0786073
0.0478338
0.0595577
0.011433
-0.333759
-0.0235187
0.294485
-0.149992
0.227965
-0.218971
-0.156664
0.0378565
-0.0907144
0.108108
-0.0773818
0.0302504
-0.270967
0.135925
-0.0401688
0.35561
0.486269
-0.0576024
0.098562
-0.0179558
-0.255395
0.0430496
-0.323508
-0.0997543
-0.201704
-0.131569
0.131834
0.213585
-0.0665607
-0.299459
-0.097018
-0.112825
-0.0477384
0.00668381
-0.303998
0.369496
0.314276
0.0279753
-0.00519838
0.0684588
0.187083
0.036995
0.0721118
-0.0325313
-0.120677
-0.231034
0.238949
-1.27268e-05
0.0445292
-0.0354486
-0.208894
0.26041
0.0205863
0.0624561
-0.335978
0.161454
0.10686
-0.132303
-0.0073281
0.0649486
0.120652
-0.135828
0.332246
-0.0174288
-0.157894
0.0427488
-0.154161
-0.0537848
-0.0806852
-0.320969
-0.0983445
0.0347296
0.303983
-0.0288021
0.211768
0.112172
-0.0839773
0.117988
0.259276
0.130235
0.027486
-0.584453
0.244596
-0.0945066
0.0687645
0.184261
-0.0205008
0.297199
0.0661077
0.154765
-0.0829733
-0.466403
-0.107871
-0.220929
0.16703
0.0538314
-0.294627
0.0946214
0.04523
-0.224327
0.0950119
-0.169462
0.0277536
0.200332
-0.160197
-0.00999419
-0.416583
-0.359483
-0.241986
0.091825
0.0670591
-0.143236
-0.340996
-0.231884
-0.0756659
0.14614
-0.016703
-0.235838
0.115256
0.175972
-0.18838
-0.198277
-0.215098
0.226487
-0.143823
-0.15441
-0.450631
-0.036833
0.0455289
0.0196942
-0.0467005
0.02556
0.210093
-0.282926
0.0757713
0.55075
0.138511
-0.149192
-0.101917
-0.044892
-0.306117
-0.0545809
-0.0550454
0.114116
0.042002
0.209286
0.0726722
0.079079
0.127507
0.136422
-0.376973
0.127802
0.23349
-0.12241
0.282813
0.222092
0.202125
0.165748
0.273106
0.29497
-0.290822
0.0687749
-0.0659557
0.0339304
-0.112597
-0.264649
-0.113723
-0.0909909
0.311088
-0.00141735
-0.0863125
0.0757694
0.26075
-0.296781
0.380168
0.0484765
-0.164159
-0.219684
-0.163063
-0.026688
0.175345
0.133383
0.307894
0.112142
-0.0807369
-0.113292
-0.2139
0.0072199
-0.323311
-0.280601
0.12996
-0.0177943
0.243007
0.195141
-0.0310198
0.079655
0.0167747
0.00461299
-0.106115
0.238366
0.0915941
0.071958
-0.211649
0.149982
-0.109294
-0.101054
0.262207
-0.237878
0.126335
-0.17064
-0.0873484
0.340339
0.194178
0.196358
-0.0628332
0.22664
0.135148
-0.192241
-0.08312
0.203758
0.206198
-0.260164
0.090926
0.263377
0.200366
-0.153962
0.101736
0.103699
0.650976
0.0478716
-0.0522916
-0.146086
-0.0159602
-0.228631
-0.0215961
-0.393289
-0.0406464
-0.0108888
-0.139898
0.0382097
0.0589058
0.0525884
0.152477
0.170814
-0.137697
-0.0523638
-0.0879736
0.18311
-0.0983128
0.17736
0.414186
0.169652
0.0439513
-0.103814
0.0207907
-0.0451585
0.365993
-0.0304038
0.462404
-0.193158
-0.0303878
-0.228187
0.0626841
-0.0461755
-0.225682
-0.352451
-0.0294541
0.102285
0.0239684
0.266819
-0.00836496
0.0531169
0.18829
-0.115044
0.0453237
-0.26481
-0.0527732
-0.106841
-0.0474648
0.4258
0.154186
0.186639
0.0315129
0.110867
-0.0448245
0.0722966
-0.0604332
-0.0147644
-0.0621999
0.220775
0.0954694
-0.10561
-0.0801392
-0.156611
0.0241928
0.0884695
0.123551
-0.292016
-0.0685378
0.096011
-0.167433
-0.415473
0.0198236
-0.110965
0.0544465
-0.175054
-0.227123
-0.0878372
-0.0262926
-0.101358
0.070903
-0.404449
0.169655
-0.195892
0.254708
0.398661
-0.29665
0.0742374
-0.199464
0.111887
-0.0307227
-0.0542081
-0.168199
-0.0674824
0.244951
-0.242858
0.0406029
-0.128844
-0.309198
0.196438
-0.455923
-0.0699185
-0.115224
-0.0898717
0.113798
0.33783
0.203453
-0.217415
0.0553085
-0.183425
-0.0697649
-0.122778
-0.121338
0.0434106
-0.209395
0.082502
-0.0356679
-0.0609289
-0.273829
-0.124958
-0.0320109
-0.090586
0.670602
-0.127071
-0.145586
-0.172309
-0.0155495
0.0307484
-0.0711621
0.0174518
0.245238
-0.279152
0.212931
-0.0372937
-0.0515453
0.315761
0.173323
0.25538
0.302836
-0.0948429
-0.176601
-0.282965
0.054057
-0.134029
0.132394
-0.267984
-0.146117
0.137203
-0.149889
-0.023904
0.0504549
0.357932
-0.135633
0.215096
0.342512
0.429829
-0.336257
0.395661
-0.266775
-0.152117
-0.122753
-0.00208461
-0.0603887
-0.395629
0.27602
-0.0604494
0.0883267
0.0784657
-0.0378177
-0.108936
0.00197637
-0.107909
0.139923
-0.0255575
-0.443268
0.275828
-0.0841856
-0.0550837
0.0772439
-0.101977
-0.327835
-0.0961441
0.371021
-0.130962
-0.14969
0.0631731
-0.0483703
0.0520483
0.10617
-0.00862577
-0.161285
0.0994954
-0.0734674
0.3007
-0.215216
0.104498
0.159683
-0.265035
-0.210372
-0.261494
0.113854
0.039622
0.10942
-0.235973
-0.0175547
-0.154393
0.0639454
-0.113274
-0.225039
-0.219695
-0.0048223
-0.139182
0.24221
0.164504
0.0741827
0.298889
-0.304086
-0.182247
0.00337964
0.0496165
-0.402351
0.0846659
0.0448504
-0.0836376
-0.0259231
-0.176708
-0.122857
-0.032396
-0.20631
-0.207644
-0.0733588
0.10272
0.216058
0.258179
0.212807
-0.046582
0.0350526
-0.0431669
0.319037
0.131677
0.243157
-0.0294684
-0.0442115
-0.157813
-0.211072
-0.402742
-0.0129882
0.0251089
-0.134378
-0.346953
0.0141138
-0.577115
-0.489013
0.116282
0.112063
-0.208721
-0.111176
-0.126421
-0.0274393
-0.13982
0.143157
-0.0889324
0.146387
0.151329
-0.086032
0.365267
0.0179921
-0.0624544
0.083521
0.12509
0.293716
-0.0728598
0.104259
0.0717255
0.322355
0.179748
0.0986224
0.128789
-0.0999483
0.026593
-0.413957
-0.2067
-0.194919
0.0262086
0.0306858
0.0499271
-0.317136
-0.159457
0.123159
-0.0533395
-0.197763
-0.0224383
0.16375
0.121032
0.336694
-0.139516
0.0898512
0.560165
0.00524614
0.260765
0.0710426
0.200575
0.186795
-0.0288684
-0.465239
-0.171175
0.376274
-0.45934
0.244879
0.00740199
0.119198
0.034869
0.148277
-0.26526
0.0156666
0.0965801
0.0738031
0.0685158
0.0247047
0.0457666
0.264677
0.212997
0.375431
0.0829995
0.429504
0.174389
0.381841
-0.0120675
-0.0467536
-0.0760719
0.367656
-0.00116623
-0.0962602
0.0507616
-0.00782599
0.14633
0.0940767
-0.289391
-0.133671
-0.0561726
-0.047675
-0.0715806
-0.0501379
-0.140641
-0.0532991
-0.299695
-0.293393
0.222058
-0.275783
-0.0106798
0.178629
-0.202658
-0.268277
0.398121
0.00908875
0.2316
0.271547
0.0962822
-0.0279144
-0.168623
-0.150231
0.242663
0.221853
0.190709
-0.112
-0.0638563
0.0671285
0.0456347
-0.201281
-0.14529
-0.0846929
0.186914
0.170794
-0.059831
-0.221786
0.0788016
0.0241552
0.0445072
0.205303
0.161562
0.159765
0.0508358
-0.147995
0.00520376
-0.184576
0.0487578
0.0603485
-0.170144
0.109363
0.196586
-0.138387
-0.142957
0.165687
0.133181
0.173775
0.0108525
0.0310385
-0.19815
-0.0374831
0.0677933
0.0296649
0.0399479
-0.147488
0.293109
0.182167
-0.224037
0.152213
0.0930531
-0.0288273
0.25909
-0.121148
0.0243811
0.203572
0.021665
0.152836
-0.0733661
0.0415692
-0.0272013
0.214037
0.106918
2.00279e-05
0.0207922
0.00178916
-0.0727476
-0.0330804
-0.0553159
-0.122427
0.275525
-0.0239771
-0.00291413
0.12843
-0.0688591
0.285755
-0.161101
-0.15953
0.465849
0.0357071
0.0220943
0.160226
-0.188514
-0.252997
0.181337
-0.166997
-0.237585
0.0681997
0.000542476
-0.0644259
0.402865
-0.155918
0.153481
0.195288
0.103425
0.224287
-0.185955
-0.198713
-0.0766044
-0.326169
-0.185102
-0.000202021
-0.0453631
0.114633
0.0672248
0.00596157
0.0724557
-0.290085
-0.110618
-0.185329
-0.406543
-0.168881
-0.00550716
-0.269339
0.272118
-0.226737
-0.0859865
0.126189
0.258971
-0.254201
-0.0931212
0.173128
-0.296066
0.0777766
-0.291936
-0.514977
0.138729
-0.12516
0.0879246
0.170132
0.182437
-0.0836781
-0.0383605
0.42323
0.0749248
-0.0914534
0.27793
0.212583
0.115131
0.200435
-0.174986
0.00468186
-0.0802887
-0.154337
-0.241475
0.164303
0.025942
0.135864
-0.152266
0.0555664
0.202187
0.104615
-0.058003
-0.145872
-0.179295
0.118567
0.101782
-0.207545
-0.0514882
-0.140143
0.286599
-0.202956
-0.176483
-0.133519
0.229836
-0.384981
0.160372
-0.0295734
-0.117459
0.151951
0.11052
-0.0920863
-0.0207478
-0.434966
-0.371227
0.0885778
-0.331653
-0.294014
-0.233966
-0.215073
0.274768
0.0430034
-0.320184
-0.214126
-0.123987
-0.164166
-0.445528
0.148255
0.304707
-0.406328
0.0213745
0.0691681
-0.193995
0.379729
0.0771205
-0.0148971
-0.189445
-0.0629042
-0.110941
-0.401687
-0.0227951
0.248065
0.0198941
0.339719
-0.149014
0.0970938
0.186795
0.186432
0.119042
-0.238682
0.155816
0.00523549
0.397876
0.258443
0.246356
-0.0348168
-0.116435
0.0467668
0.19783
-0.145422
-0.0399987
0.225294
-0.162164
-0.00558641
0.103228
-0.0635195
-0.125785
-0.17836
0.28778
-0.163601
0.456982
0.36293
-0.020969
0.33423
-0.222665
-0.0327632
0.224599
0.0991398
0.166529
-0.153403
0.113932
-0.0537415
0.036221
-0.346279
-0.149291
-0.360741
0.242097
-0.0816403
0.0943637
0.249974
-0.0779177
-0.123047
-0.0395594
0.198557
0.34164
0.227664
0.0674675
-0.205753
0.132591
0.184974
-0.137722
-0.0367755
-0.115223
0.108588
0.139107
0.094343
0.22912
0.129262
-0.00460767
0.508716
0.329584
-0.178675
0.235884
0.0535375
0.230816
0.154916
0.228922
-0.304909
0.00333958
-0.369047
-0.107347
0.14415
0.164587
0.0937306
0.0789441
-0.188882
-0.203514
-0.0735432
-0.213482
0.0325936
-0.0548044
-0.0377937
0.328409
-0.0252302
0.279723
0.104821
-0.153447
0.139629
-0.326119
0.153662
0.19257
-0.0240084
0.114852
0.545881
-0.0377
0.123675
-0.162732
-0.228944
-0.0185119
-0.0202724
0.142289
0.00194952
0.113924
-0.349973
0.068476
-0.0067856
0.255778
0.193758
-0.0741896
-0.184953
0.344915
0.293953
-0.334052
-0.307207
0.0163139
-0.28011
0.125259
-0.236346
-0.0787679
0.137723
0.0196621
0.29127
-0.0199312
0.145976
-0.242412
0.0733354
0.0601847
0.57564
-0.0958956
0.0243377
-0.3351
0.294581
0.109801
0.373902
0.0348043
-0.0957675
0.0901047
0.0027592
0.0102582
-0.185472
-0.390502
0.120192
-0.0338079
-0.127078
0.200976
-0.253475
-0.137431
-0.177788
-0.107289
0.00231283
0.155311
-0.0304287
0.191983
-0.402065
-0.251153
0.0947501
0.102513
0.136418
-0.0188169
0.225142
0.122306
0.270839
-0.0161144
-0.056375
-0.0466199
-0.0912684
0.210974
0.216199
-0.070604
0.00184267
0.0936588
0.334279
-0.192419
0.111482
0.0208056
0.00046062
-0.148638
-0.149847
0.228769
0.318678
-0.0318986
4.3944e-05
0.0908017
-0.343767
-0.207407
-0.370524
-0.0543053
-0.00604487
0.00177606
0.0554768
0.162033
-0.0050602
-0.291647
0.196091
-0.0692309
0.0574075
-0.248333
0.0557384
-0.0853763
0.254592
-0.00103492
-0.0595486
0.157705
0.357574
-0.00665252
-0.0681779
-0.144901
0.139903
-0.000544635
0.120877
0.242155
-0.0307583
-0.0433371
-0.185238
0.0856106
0.367047
0.00208589
0.00834882
0.473699
0.00117395
0.20204
0.154396
0.0368922
0.186486
0.117429
0.439344
-0.177781
-0.273989
-0.092539
-0.221039
0.0290361
0.236574
-0.00402275
-0.346518
-0.2827
-0.507827
0.268268
0.0829985
-0.119869
0.0569105
0.137619
-0.184769
-0.023373
-0.336673
0.0641635
0.143639
0.118217
0.0745787
0.0392636
0.183207
-0.00122278
0.000128091
-0.117595
0.13957
0.394255
-0.303584
0.131331
-0.264252
0.00594561
0.292773
-0.199864
-0.335309
0.177656
-0.0359294
0.213128
-0.118407
0.0722019
0.110405
-0.354428
0.052782
0.112303
-0.111739
-0.113781
0.10195
0.270615
-0.236426
0.313277
-0.000669794
0.142553
-0.309604
-0.430378
-0.0222905
0.184782
0.384082
0.0285528
-0.0869659
-0.0655519
-0.210293
-0.0711248
0.0853617
-0.00948125
0.084799
-0.134798
-0.0840442
0.0394165
-0.178367
-0.0687014
-0.0042649
-0.0277529
0.205648
-0.0328908
0.0246407
0.272085
0.146614
-0.431536
0.240394
-0.132736
0.390409
-0.146271
0.189454
0.218857
0.0315884
0.0892778
0.0434456
0.125695
-0.313753
-0.0137598
0.264911
-0.195487
0.14506
0.148902
0.18443
0.406029
0.0139945
0.0140962
-0.1292
0.297214
0.22471
0.241819
-0.172343
-0.190817
0.109142
0.0860246
-0.0104018
-0.142896
0.22244
0.0477704
-0.186072
0.178255
0.143019
0.264159
0.0762679
0.144444
-0.0171599
0.252281
0.286213
-0.128647
0.0786484
-0.402483
-0.152693
-0.130134
0.206569
-0.255965
-0.224379
0.167555
-0.34742
0.0216377
-0.0651811
0.0992872
-0.194603
-0.146843
0.0321938
0.0429904
-0.303673
-0.0741173
0.0707134
0.0665306
-0.0255295
0.043018
-0.183562
0.0350457
0.145353
-0.182097
-0.0717739
0.0735355
-0.144052
0.00396122
-0.0590744
-0.197567
0.0885244
-0.230741
-0.301305
-0.482481
0.316818
-0.0254613
0.16466
0.0224226
0.200219
0.121102
-0.216946
0.0496985
-0.0181776
0.18305
0.200467
-0.0270655
0.002763
0.0937295
0.360704
-0.260329
0.280789
0.118562
-0.0906046
0.0242172
-0.0359052
-0.00160504
0.321241
0.481157
-0.137983
0.0609039
0.0954916
-0.0264713
-0.0550686
-0.151956
0.0961293
