-0.0518186
0.320318
-0.299792
0.0349535
0.0238528
-0.0604046
0.0916362
0.0377969
0.0789949
-0.473968
0.00883936
-0.132898
-0.127251
-0.0342497
0.346253
-0.15297
0.14063
0.02907
0.018734
0.240824
0.0522042
-0.138392
0.336286
-0.140405
0.0350397
0.0548346
-0.172613
0.237246
0.263308
0.136207
0.188513
0.165673
-0.117944
0.0418209
0.172091
0.0588842
-0.0933746
-0.333757
-0.0263485
0.315325
-0.158342
-0.184463
-0.20946
-0.0883926
0.191074
-0.00647842
0.00205608
0.183952
-0.400823
0.036085
-0.000813495
0.0657247
-0.0843368
-0.0481901
-0.483681
0.00295195
0.0875378
-0.0471555
-0.473106
0.395837
0.153426
0.148492
-0.0199419
0.0174498
0.0660395
0.187727
0.180262
0.188909
-0.151641
-0.208896
0.0389954
-0.437686
0.223782
0.0589325
0.22889
-0.0589259
-0.116094
-0.316538
-0.397157
0.461793
-0.169976
-0.11244
0.0477046
-0.230538
-0.0288306
0.653475
0.192821
0.026936
0.211606
0.0772391
-0.0878539
-0.104059
-0.136978
0.0795801
-0.0504402
-0.0915237
-0.110129
-0.192603
0.0628202
0.159878
1.08994
0.826579
0.700752
0.69566
0.763475
0.999826
1.22567
1.05693
1.10689
1.02115
0.770071
1.03669
0.990483
1.05042
1.04018
0.77825
0.984503
0.665547
1.11135
0.991313
0.948867
0.93631
1.20954
0.707009
1.06985
0.827604
1.24228
1.09724
0.9693
0.671534
-0.253243
-0.0944581
-0.219383
-0.0450451
-0.0237476
0.118487
-0.0390627
-0.124427
-0.117811
-0.0797298
-0.046515
0.294698
-0.129784
-0.40942
-0.233698
0.124457
0.123056
0.0540443
0.118696
-0.0821901
0.136687
-0.659527
0.243109
0.0768565
-0.0474148
0.321302
0.0278392
0.094665
0.253163
-0.0473034
1.22474
1.21004
0.908125
1.15318
1.22863
1.59278
0.961275
0.82137
1.20107
1.04096
1.33399
0.912832
1.07977
1.13659
1.12714
1.18512
1.01309
1.2022
0.852921
0.987593
-0.01908
0.368287
0.246718
0.227243
-0.22423
0.0273126
0.0509376
-0.00516833
-0.0551147
-0.290466
1.03164
0.602245
0.968284
1.20075
1.27654
0.97072
0.756598
0.886229
1.27289
1.30604
1.14936
1.17959
0.840843
0.650214
1.2297
1.23216
1.10044
0.912003
1.16872
1.10724
1.12839
1.2616
0.87001
0.870149
0.961221
0.853874
0.704401
0.85892
0.77881
1.19682
0.137884
0.134484
-0.33093
-0.117792
0.139492
-0.111665
-0.0571968
-0.204146
-0.238411
0.0745295
0.9337
1.06361
0.931513
0.9542
1.11919
0.751741
1.19574
1.13016
1.21102
1.16372
0.22682
0.288172
0.026772
-0.120906
-0.143816
-0.216643
-0.135972
0.0710262
0.0316598
0.31822
1.42845
1.26251
1.24416
0.795121
0.964627
0.962678
1.22856
0.990689
1.04797
1.26442
-0.173478
0.225339
0.0174537
-0.222948
0.157784
-0.338887
-0.539736
0.141143
-0.147069
-0.273296
-0.212898
-0.428658
-0.474478
-0.10196
-0.078607
-0.0411373
-0.2705
-0.143186
0.241159
0.235066
0.352784
0.0215064
0.0298935
0.0148386
0.140009
-0.0125015
-0.0868646
-0.391755
0.421961
0.0448368
0.326728
-0.303616
-0.237779
0.258966
0.294382
0.538358
0.169371
-0.267468
0.165575
0.0182819
1.12781
0.905891
0.914633
1.37432
1.09983
0.836344
0.893505
1.3493
1.30302
1.09922
0.190225
-0.165217
-0.166894
-0.00171189
0.140704
0.161417
-0.0267314
-0.00344253
0.112718
0.517201
0.0150457
-0.148038
-0.262337
-0.101795
0.308146
-0.277466
0.255358
0.194036
-0.353906
0.0622748
0.90699
1.22941
0.772975
1.22256
1.30682
1.02331
0.809243
1.21029
0.993591
0.870246
0.259759
-0.556701
-0.232577
-0.0355897
0.162195
-0.104049
0.137434
0.3457
-0.228591
0.245299
0.960097
0.527831
1.31655
1.10091
1.0795
1.39311
1.24125
0.685696
0.807635
1.05534
1.11901
1.01386
1.20474
0.913361
0.905699
0.690327
1.16033
0.842873
0.90833
1.37099
0.170097
-0.24294
-0.0475238
-0.0627398
0.0241696
-0.198773
-0.269771
0.39365
0.0487458
-0.108589
0.21624
-0.0801975
0.314391
-0.00671561
0.250587
-0.13068
0.333741
-5.98169e-05
0.241817
0.228823
0.854809
0.859454
1.38971
1.15985
0.695258
1.27647
0.856352
0.851556
0.798162
1.09245
0.863136
1.09819
1.0269
0.924875
1.47096
0.938449
1.31507
1.13284
0.865201
0.998968
0.18077
-0.550254
0.0790112
-0.00947274
-0.403876
-0.0762149
0.32583
-0.0724191
-0.105168
-0.0942994
1.11404
0.96694
0.753219
1.01912
0.806211
1.00869
0.919761
1.20852
0.638743
0.840859
0.120282
0.334556
0.0718786
0.103508
0.101019
0.170191
0.126928
-0.0323529
-0.326557
0.250044
-0.437702
0.38487
-0.286986
-0.108695
-0.0299759
-0.159362
-0.367321
-0.0482578
-0.0388861
-0.0541623
1.02559
1.28169
1.1705
1.07915
1.16278
0.802837
0.857914
0.713428
0.984135
0.834791
0.141516
-0.127995
-0.0318114
-0.000554357
0.1721
-0.244406
-0.258099
-0.0616526
0.0746066
-0.23145
0.962929
0.893972
1.01743
0.625547
1.07503
1.07312
0.818717
1.24067
1.10325
1.23671
1.08911
0.884328
1.00637
0.855471
1.21406
1.20704
0.655726
0.992241
0.831156
1.29369
-0.124893
-0.139823
-0.24089
-0.504688
-0.100404
-0.01196
-0.101127
0.00513274
0.107061
0.295946
0.895306
1.19836
1.04237
0.689263
0.610756
0.719906
0.832425
0.910212
1.1512
0.988824
1.18898
1.1143
1.46431
1.26488
0.9287
1.06649
0.97736
0.933563
0.915144
1.00334
0.223891
0.0385727
0.407554
0.0394842
0.177926
0.212634
-0.235865
0.26167
0.257605
-0.35904
1.21251
1.15482
0.9169
1.04201
1.1462
1.03086
0.976206
1.147
1.25657
1.00462
0.0362095
0.149358
0.0307917
0.356438
-0.249541
-0.00676806
0.0118564
0.0759147
0.0485384
-0.350206
0.208556
0.247894
0.0220027
-0.181745
0.318638
0.210075
0.556055
-0.0378663
-0.27406
0.415096
1.00157
0.75996
1.00645
0.868857
0.978453
0.991688
0.914052
0.944238
1.18907
0.573069
0.332587
0.290855
-0.515949
0.50935
0.266648
0.203209
-0.0729555
-0.512957
0.369409
-0.0354878
0.64762
1.05395
0.694473
1.14664
1.0559
1.37287
1.34691
0.692131
1.19203
1.10851
0.68867
1.03164
1.15311
0.748803
1.13835
0.913369
0.787595
1.00384
1.33595
0.861412
0.810739
0.969358
0.933712
1.0441
0.607259
0.851582
1.20406
0.839256
0.74778
0.759332
0.0210129
-0.127598
-0.287513
-0.0142192
-0.00502683
0.224632
0.234293
-0.101893
-0.0579866
-0.0575396
-0.456876
-0.122066
-0.0384472
0.194452
0.354621
-0.205683
-0.0744566
-0.0324452
-0.123957
0.101682
0.908945
1.01408
1.02061
1.28133
0.91526
1.13754
1.04805
1.20441
1.24207
0.913983
0.141984
0.00828596
0.344703
-0.345132
0.102733
0.0672179
-0.211695
-0.110409
0.174316
0.193591
0.132274
0.0733197
-0.142847
-0.0489756
-0.0571676
-0.2329
0.0569343
-0.131528
0.26272
0.0525459
1.06315
1.08866
1.15923
1.05429
0.992465
1.21076
0.944853
0.825834
1.30615
0.808421
0.9855
0.768676
0.801879
1.15774
1.06022
0.986201
1.29356
1.20862
0.950905
1.14582
0.0689287
0.0841385
-0.150398
-0.0250823
-0.738209
-0.0626854
-0.00423525
-0.608901
0.0339856
0.0189037
0.841408
0.910405
0.985108
1.07663
0.912716
1.09641
0.947572
0.936036
1.17313
0.631946
0.410612
-0.286277
-0.39338
-0.200344
0.280896
-0.330129
-0.22646
-0.0454755
-0.15946
0.324733
0.0631462
0.0690258
-0.10557
0.246299
-0.00224476
-0.054438
0.276203
0.26218
0.230097
0.111494
0.700196
0.741677
0.680716
0.787072
0.838258
1.08818
1.19796
0.752665
0.912389
1.16755
0.060545
-0.210714
0.0664286
-0.474342
-0.252286
-0.166372
0.165725
-0.103812
0.0641052
-0.178863
0.988399
0.875211
0.789201
0.924542
1.15306
1.23595
0.651695
1.10039
0.651928
0.83616
1.36199
1.0241
0.907607
1.11787
0.55428
0.87684
1.0611
0.725322
0.943588
1.24148
-0.0996312
0.163463
-0.0977848
-0.218806
0.0280169
0.136016
-0.123886
-0.439184
0.10738
0.030884
0.885904
0.976087
1.42588
0.755158
1.11735
1.08001
1.19478
1.09658
1.36156
1.18531
1.00504
1.10226
1.19372
0.805033
1.23164
1.06216
1.09422
1.19723
1.16497
1.2658
0.0978885
-0.422334
-0.250214
0.232608
-0.0332947
0.213293
-0.0436543
0.0816991
0.234828
-0.0586362
-0.0174911
0.0484237
0.502987
0.366252
-0.238194
0.151108
0.0272281
0.124265
-0.0715824
-0.105797
-0.0317821
0.0404545
0.0627528
-0.0629479
0.328189
0.2727
0.0948699
0.187188
0.194537
-0.0568205
0.846069
1.06701
0.848297
1.42973
0.907997
1.01462
1.18871
0.921022
1.29351
0.76515
0.867591
1.023
0.826814
1.19201
0.744848
0.954757
1.55055
0.898463
0.969338
1.18526
-0.200273
0.12724
-0.353036
-0.0283595
-0.00632165
0.12432
-0.0758374
0.0958482
0.197128
0.379683
1.0015
1.26288
1.014
1.4315
0.793486
1.01432
1.05673
1.13537
0.848674
0.70292
1.22844
0.925135
0.899604
0.93148
1.16977
1.26176
1.08863
0.92406
0.899511
0.77448
0.144215
0.183988
0.174534
0.358608
-0.197936
-0.0859228
-0.168137
-0.105646
0.138305
-0.223017
0.185442
-0.0456924
-0.364373
0.182846
0.356122
-0.111952
0.0908236
0.103981
-0.0934882
0.149847
-0.149194
-0.106385
-0.157086
0.0123412
0.29078
-0.0797114
-0.0655268
-0.28407
-0.060403
-0.101818
0.291565
-0.0178768
-0.163652
-0.138706
-0.161072
-0.293525
0.11973
0.271238
-0.375043
0.198015
1.04427
0.941328
0.900777
1.06383
1.05915
1.15108
0.76381
0.69045
0.869189
0.779059
-0.098434
0.263728
0.152189
0.105567
0.095424
-0.0337979
-0.278505
-0.259433
0.0271561
-0.158403
0.11008
0.0883941
0.269602
-0.00569635
-0.177721
0.392526
-0.265405
-0.25985
0.0841536
-0.043863
0.274705
0.14169
0.0897478
-0.111191
0.128423
-0.28427
-0.087475
0.167315
-0.192013
0.0556641
-0.190586
-0.0656609
-0.116996
-0.0745013
0.129377
-0.153472
-0.0146922
-0.153426
0.12212
-0.200815
-0.0472281
0.0433982
-0.12236
0.135227
0.31532
-0.320379
-0.0898721
0.031256
-0.0871089
-0.0160799
0.0775478
0.166409
-0.099654
0.127286
0.132909
0.321412
-0.140566
-0.143262
0.137113
-0.0285731
1.00241
0.914651
1.19806
0.931964
1.09537
1.25602
1.22171
0.699279
1.25423
1.27093
0.169126
0.399021
-0.180961
-0.0587126
-0.2214
-0.0311019
0.228662
0.460542
0.20233
-0.0085824
-0.0444674
-0.135404
-0.0602593
-0.119802
0.105142
0.11058
-0.0365523
0.242208
0.276101
0.202307
0.972984
1.26834
0.918765
0.747192
0.988379
1.15262
1.0679
0.530949
1.061
0.958404
1.38053
0.916466
0.869442
0.68198
0.810462
0.879089
0.881061
1.16546
0.865955
1.31945
0.140084
0.179646
0.375902
0.217895
-0.294486
0.245061
-0.179892
-0.649689
-0.394869
0.0644576
-0.326174
-0.290901
0.310852
-0.0504808
-0.158588
0.255081
-0.116874
0.11516
0.192879
0.453703
-0.154689
-0.128728
0.0979789
0.538524
0.125426
0.287615
-0.228898
0.0354867
0.0118134
-0.195192
1.08695
0.692012
1.24873
0.769468
0.928288
1.16068
1.08775
0.872513
0.796798
1.33838
1.27591
1.42306
1.48478
0.97509
1.0371
1.13833
0.694866
1.23534
0.74017
1.37777
0.328198
0.0974987
-0.291525
-0.273452
-0.14708
-0.044019
-0.338574
0.343874
-0.0652698
-0.145376
1.12646
1.36596
1.01846
1.21551
0.801678
0.987458
1.00415
1.04123
0.855056
1.07726
-0.141048
-0.00800727
0.163824
-0.0215149
0.222637
-0.037564
0.00109516
0.0110439
0.111679
-0.210482
0.0219686
0.00725516
-0.243419
-0.0302858
-0.0854723
-0.142337
0.0150875
0.0728469
-0.357957
-0.0547901
0.530152
0.730017
0.941509
1.07106
1.27518
0.877658
1.11111
1.20211
1.18964
1.22916
-0.182624
-0.10247
0.104038
0.0464763
-0.0851194
-0.0856076
0.118304
-0.212282
0.0408303
0.407439
0.925593
0.602216
0.873984
0.944435
0.968484
1.21274
1.08159
0.810985
0.779248
1.11998
1.17609
0.600182
1.01956
1.1705
0.989722
0.740181
1.26039
1.44225
1.3263
0.963618
0.802848
0.899066
0.525316
1.05146
1.19488
0.977323
0.904971
1.13077
1.14464
1.09964
0.337843
-0.124842
0.137529
-0.492207
-0.178645
0.0111789
0.27222
-0.0929291
-0.178672
-0.218723
1.11506
0.858749
1.30362
1.25208
0.818411
0.909309
0.962292
0.734329
0.752029
1.02437
-0.031084
0.145528
0.0569969
0.00763918
-0.0809401
-0.174953
-0.207831
-0.272329
-0.097225
-0.1843
1.30305
0.741874
0.908866
1.02017
0.882785
0.954175
0.877263
1.6087
0.801307
0.829553
0.388223
-0.148519
0.0517636
-0.0206392
-0.20283
-0.0913729
-0.132662
0.135353
-0.0538979
-0.087519
0.689826
0.924578
1.0794
0.649357
1.12947
1.38309
1.07212
1.04626
1.08578
1.11673
0.854139
0.721355
1.20916
0.829199
1.38273
0.807129
0.810959
0.982786
1.05607
0.950907
0.154152
0.00120095
-0.0606438
0.115587
0.0470453
0.0127797
0.252235
0.0336006
-0.464654
0.0687761
0.0998607
-0.279585
0.0234523
0.187939
0.00924715
-0.0138624
0.150278
0.195485
-0.000347458
-0.352402
0.219976
0.16586
0.0288204
0.0675509
-0.117209
0.170186
0.176645
-0.00779183
-0.157937
0.318696
1.04797
0.712433
0.722436
0.850906
0.880017
1.1393
0.745604
1.24591
0.455441
1.25578
0.324016
0.207222
0.14988
-0.439943
0.131158
0.148694
-0.447592
-0.2245
0.162217
-0.205117
0.127246
-0.225933
-0.314503
-0.130735
-0.259038
-0.204649
0.0474878
0.0196938
0.0488108
0.0337513
0.975772
0.879926
1.08743
0.900635
1.00373
0.98213
0.844714
1.01637
0.581735
1.2027
0.515709
0.917543
1.26841
0.585283
1.02976
1.06595
0.969512
1.00559
0.844377
0.699804
0.0848902
0.317636
-0.335804
0.0788071
0.223734
-0.105728
-0.161018
-0.122341
0.358729
-0.207146
0.842859
1.01091
0.542545
0.886419
0.996845
0.812346
0.933187
0.913543
0.605611
0.834297
-0.159604
-0.393598
0.132904
-0.344724
-0.226378
0.0329465
-0.02097
0.832621
-0.0770566
0.0423941
-0.115233
-0.099683
-0.306455
-0.280553
-0.145945
-0.10256
-0.0845303
0.118376
0.034842
0.0470731
1.08112
0.648398
1.02529
1.36212
0.561392
0.959983
0.947572
1.21408
1.01601
1.10718
0.258123
0.0738591
-0.104503
-0.021005
-0.215227
0.0264366
0.0892287
0.0142051
-0.207637
0.128597
1.24688
1.04768
0.794224
0.78023
0.645235
1.17768
0.831115
1.00872
1.11784
1.19963
0.737202
1.08418
0.903308
0.9138
0.825148
0.873305
1.07341
1.05786
0.902893
0.869491
0.0209509
0.320882
0.197581
-0.058098
0.195169
-0.337662
0.141889
0.210849
0.0786247
0.210046
0.893112
1.2776
0.670132
1.35177
0.97914
1.28286
1.18997
1.11556
0.639824
1.08937
0.852026
1.50123
0.967885
1.18093
0.949625
0.663744
1.02641
0.826992
1.23072
1.24644
0.156457
0.251686
-0.14201
0.162197
0.199159
-0.178459
-0.0490597
-0.373566
-0.0583663
0.0917086
1.1616
1.22179
0.599958
0.510752
1.00645
0.706079
0.870097
0.702438
1.14559
1.14604
-0.0497003
0.301026
0.367954
-0.219516
0.257711
0.156645
-0.107109
0.154879
-0.121208
0.106277
1.05282
0.93023
1.23398
0.948509
1.10408
1.03125
1.12642
0.980257
0.899347
1.24467
1.13685
0.894579
1.03999
1.03514
1.33227
1.01591
0.910654
0.732409
0.94246
0.836862
0.232109
-0.0809922
-0.0659418
0.251415
0.115836
0.163453
-0.463914
-0.226635
0.337057
0.302314
0.811697
1.06388
1.06155
1.13709
0.771657
0.851046
1.38296
0.897153
0.869992
0.911431
1.15521
1.3203
0.904774
1.04266
0.952855
1.06026
1.14146
0.82773
1.19701
1.17652
0.883666
0.8754
0.849038
1.13994
0.678909
0.888252
1.1858
1.09784
1.02798
0.897578
0.864037
1.43005
1.06434
0.888462
0.990043
0.944885
0.81146
1.0181
0.81955
1.39433
0.224987
-0.290273
0.156098
-0.434411
-0.00987407
0.00630471
-0.0253068
-0.269025
-0.0923868
0.193572
1.19874
0.926048
0.86121
1.1797
1.11618
1.18016
0.75111
0.931767
1.2848
1.5013
1.26178
0.826831
0.91925
0.889414
1.10314
1.09651
1.20141
0.945809
0.907228
1.02059
0.984229
1.32744
0.849723
1.10314
0.927138
1.14554
0.824204
1.08929
1.10411
0.945691
0.0124492
-0.0648604
-0.281349
0.0663848
0.0150355
-0.0859868
-0.200398
0.0822913
-0.0385954
-0.0865726
0.61896
1.21549
1.18255
0.848442
0.70605
0.812423
1.0559
0.982586
1.29768
1.184
0.806727
0.9142
1.55006
1.13452
1.21602
1.22451
0.963379
1.27374
0.856133
1.10045
0.270376
-0.052538
0.0211597
0.144342
0.378453
0.33547
0.00557828
-0.200358
-0.240029
-0.528248
0.453902
0.239716
0.0916384
-0.142768
-0.424932
0.0698737
-0.0886249
0.0166593
0.0392829
0.0623703
0.48023
1.04558
0.752554
0.973024
0.819891
1.10576
1.14859
1.113
0.804774
0.75353
0.199632
0.0926857
-0.314886
-0.406625
-0.133288
-0.0207265
0.309396
-0.250559
-0.293101
0.0181338
1.17564
1.22119
0.542824
1.04579
0.786738
1.0013
1.25403
0.931544
1.00815
0.905419
0.0679257
-0.112016
0.158466
0.421124
0.375024
0.0195503
0.360611
0.0197345
-0.0287869
0.109105
-0.228395
0.0941857
-0.38626
-0.0222002
0.226907
0.211726
-0.00666742
0.239205
-0.104795
0.0981783
-0.307919
-0.0580827
0.00499819
-0.086018
-0.0729093
0.168301
0.394076
-0.0931684
0.0771112
-0.248992
0.217125
-0.0966362
-0.121527
-0.0208542
-0.00838001
0.00800199
-0.0927013
0.0545694
0.0983948
0.114739
-0.0424621
0.0092655
0.428584
0.159473
-0.356427
0.153079
0.216064
0.104236
0.180039
0.178957
-0.154596
0.0779006
-0.16001
0.221296
0.196167
0.0354699
0.103107
-0.255895
0.0972492
-0.0666059
-0.0447475
-0.149593
0.257226
0.0793106
0.320248
-0.238753
0.0108645
0.0568604
-0.0180328
0.0493349
-0.0801336
0.116925
-0.245506
-0.0196255
0.0787843
0.136007
-0.116186
0.107322
-0.199206
0.11842
-0.261829
0.254783
-0.184754
-0.228771
0.138704
-0.232342
0.188131
-0.263103
-0.234402
-0.0848295
-0.175172
0.173618
-0.0868037
0.00611816
-0.0271243
-0.362993
0.189233
0.0427424
0.174119
-0.0727623
-0.21071
-0.144479
0.268856
0.0085188
0.0466191
-0.298167
-0.100693
-0.0978854
0.157427
0.057855
-0.361752
-0.00831777
-0.0756745
-0.184261
0.114143
-0.186799
-0.257995
-0.140581
0.120687
-0.346952
-0.311671
-0.242493
-0.0815527
0.141912
-0.0480609
0.112271
0.159238
0.242223
0.289701
0.0157926
-0.119074
0.191215
-0.35667
0.157079
-0.194907
0.121623
0.130696
-0.548594
0.0952036
-0.390253
0.00726482
0.031287
0.436414
0.0823364
-0.234923
0.0969308
-0.164817
-0.107836
0.151042
-0.0198809
-0.0607115
-0.210551
-0.0500387
0.0612879
0.147616
0.125462
0.0354496
0.0403183
0.151815
-0.36778
-0.152666
0.037875
-0.027406
0.0214381
0.308364
-0.104528
0.231324
-0.255529
0.712025
0.39838
-0.339033
-0.0686251
-0.224998
-0.451753
-0.260941
-0.0142162
0.0338483
0.396632
0.0391726
0.164832
0.296914
-0.121611
0.081875
-0.0211681
0.127902
0.124101
-0.110775
0.258797
-0.18449
-0.0762969
-0.0717524
-0.045679
0.210016
0.200737
0.0319887
-0.165296
0.0285216
0.140278
-0.138307
0.0242803
-0.155336
-0.28466
-0.169879
-0.157998
-0.132563
-0.0816436
0.0258636
-0.0831263
0.366211
0.185365
-0.42353
0.100332
-0.0111323
0.236399
-0.193626
0.0501747
-0.20113
-0.0351674
-0.201431
-0.0569055
-0.177234
0.364322
-0.233896
0.167678
0.515304
-0.195957
-0.124198
0.111314
-0.116381
-0.0899241
0.251745
0.334387
-0.185542
-0.00664296
-0.0133708
-0.040016
0.140263
-0.0282425
-0.17878
-0.164411
0.260533
-0.0806868
0.0520517
-0.21483
0.251318
0.07477
0.0365622
0.401318
0.101033
0.205588
-0.42809
0.188586
-0.146892
0.122473
0.033623
-0.209908
0.346569
0.124193
-0.294883
0.134388
-0.0836588
0.0590717
-0.106207
-0.0276163
0.0892961
-0.101818
-0.258032
-0.181129
-0.0900918
0.111264
0.00482531
-0.219386
-0.17797
-0.210512
-0.119134
-0.0658676
-0.235428
0.00712193
0.0557443
0.120781
-0.208097
-0.1455
-0.192936
0.0940837
0.125776
-0.190427
-0.113949
-0.13467
0.0157832
0.01532
-0.17862
-0.284441
-0.285469
-0.0203596
0.249972
0.217792
-0.0609741
0.0882923
-0.171816
0.116758
-0.0993955
0.0312421
0.138007
0.0221654
-0.279424
-0.22016
-0.258798
0.0319752
0.0864513
-0.203535
0.0983544
0.0360365
-0.0496832
-0.268271
-0.220963
-0.00211824
-0.427895
-0.00594377
-0.304919
-0.268585
0.281278
0.160654
-0.540653
0.037572
0.325295
-0.224156
0.444378
0.136142
-0.103743
-0.462813
-0.154954
0.174468
-0.0263265
0.0177348
0.154588
0.379312
-0.0542159
0.11229
0.358643
-0.0430176
-0.121527
0.0343808
0.312148
0.181846
0.0353839
-0.000464743
0.08906
0.291352
-0.0663707
-0.381184
-0.0182616
0.0982741
-0.0839985
-0.101114
0.212502
-0.0844661
-0.248582
0.0741661
0.252584
0.0633084
-0.0097576
-0.132695
-0.106625
0.274118
-0.371833
-0.140641
0.105743
-0.0523076
0.0208551
-0.383789
-0.21042
0.0695271
0.000473942
0.072191
-0.00455069
0.187624
0.0243364
-0.240203
-0.0325582
0.0737641
-0.180826
-0.282444
0.3945
-0.135207
0.429399
-0.272919
0.0049697
0.131425
-0.466391
0.0166538
0.0786837
0.383742
-0.109751
-0.0193548
0.018321
0.104738
0.212533
0.277457
0.033905
-0.11103
-0.254448
0.0181756
0.275557
-0.141926
0.262971
0.236611
0.0662081
-0.106265
0.135851
0.0312703
-0.371538
0.214401
-0.118117
0.157568
0.0281041
0.177069
-0.00540241
-0.126782
0.0278243
-0.0339085
-0.0246673
-0.000576203
0.37522
-0.291766
-0.0497828
0.111815
-0.268844
0.110972
-0.305911
-0.125939
-0.285143
-0.0290264
0.304394
-0.251026
0.00785366
0.0439866
-0.0832186
-0.304211
-0.203111
0.135656
-0.222083
-0.0123816
-0.209165
0.140271
-0.136308
-0.0836608
0.364477
0.134775
0.196791
0.195082
-0.140032
0.165691
-0.0770791
-0.0876002
0.155415
-0.291245
-0.359101
0.206824
-0.0268127
0.086056
-0.235359
-0.00480655
0.0316984
-0.349686
0.213392
0.0457986
0.0402121
-0.0173568
0.043139
-0.0291653
0.0707007
-0.0456597
-0.0593294
-0.172129
-0.0732882
0.0022244
-0.347902
-0.176059
0.123421
-0.325678
0.23397
0.0104193
-0.194049
0.07468
0.180179
0.289541
0.134937
-0.290488
0.00513993
-0.0877097
-0.0237649
0.08209
0.0169432
0.146957
0.108921
0.322437
-0.268373
-0.0377328
0.101871
-0.123355
0.356881
0.420044
0.3185
-0.0238534
-0.00302745
0.0954423
0.0955444
0.111469
0.194011
-0.0726112
0.271214
-0.161879
-0.269786
0.237279
-0.24418
-0.144455
0.0526581
-0.0615435
-0.148338
-0.0572206
-0.313983
0.0265535
-0.288948
0.0149725
0.0783686
0.000237242
0.678419
0.0603966
-0.260063
-0.281662
-0.238783
-0.185118
-0.186147
0.435899
-0.000312681
0.0408657
-0.0429063
0.256034
-0.156387
0.0927551
0.12512
0.0319513
-0.22628
-0.0813789
-0.188375
-0.198516
0.0741105
-0.358781
0.0509862
-0.173615
-0.0846743
-0.0735565
0.0709462
-0.21889
-0.431092
0.180567
-0.22156
0.446291
0.221624
0.183113
-0.159483
-0.0865332
0.0642286
0.0179024
-0.200698
0.0547544
-0.184864
0.0640097
0.0169081
-0.0743419
-0.0299103
0.0119764
-0.28015
0.105686
-0.0927053
0.0855184
-0.0801884
-0.0373175
-0.0111043
-0.248026
0.11461
0.195663
-0.230441
-0.00467762
0.179453
0.012827
-0.298511
-0.0723218
-0.327974
-0.0382328
-0.112865
0.12488
0.190029
-0.261521
-0.12943
-0.137462
-0.121401
-0.0543079
0.124224
-0.195954
-0.340311
-0.00653739
0.132975
0.00577591
-0.0637548
-0.114369
-0.271573
0.0603407
0.0668976
0.211951
0.269592
0.270229
-0.0599531
-0.039042
0.117319
-0.0816068
0.205832
-0.560101
-0.076388
0.508196
-0.144124
-0.103457
0.0309373
0.213598
0.392938
0.0134241
0.303358
0.190895
-0.0625867
-0.25195
-0.0463128
-0.213785
-0.164443
-0.377412
-0.083582
0.390704
0.201613
-0.287852
0.279597
-0.119655
-0.511176
-0.169786
0.180151
0.389922
-0.0229413
-0.146931
0.4687
-0.156646
-0.100577
0.469242
0.010201
-0.239934
0.0719565
-0.0103589
-0.0050003
0.0329613
0.108418
0.202405
-0.279197
0.0327644
0.200749
-0.139789
0.214235
-0.183539
-0.0301898
-0.416998
-0.0898211
-0.0104928
0.251425
0.255763
0.159087
-0.143835
-0.517771
0.254736
-0.240999
0.0193888
0.2137
0.345121
0.0403755
-0.042988
0.0387705
0.156465
-0.184614
0.127442
-0.00409742
-0.14724
0.299399
-0.179568
-0.0595909
0.225493
0.0829474
-0.0513449
-0.130732
-0.10613
0.0493295
0.263031
-0.163521
0.582526
0.00818267
-0.11529
0.0905692
0.273601
-0.514321
0.0591835
-0.27436
-0.123137
0.249138
-0.0631657
-0.0330032
0.0784082
-0.399597
0.10554
0.0566066
0.15412
-0.44711
0.104443
-0.110128
-0.0870536
0.103768
-0.26784
0.0727486
-0.293882
-0.0661304
-0.251611
0.095182
-0.226039
0.141329
0.201813
0.252552
0.0299859
0.424689
-0.108249
-0.0532972
0.13187
0.0977292
0.0148094
0.0184159
0.0928344
-0.043228
0.0128577
0.595983
-0.0348965
-0.168756
0.200328
-0.0108309
-0.488008
-0.361479
-0.105598
0.223358
-0.16026
-0.00887035
0.0600815
-0.0277975
0.216595
-0.521207
-0.226719
0.260872
-0.233713
0.00803326
-0.0741806
-0.165873
-0.335122
-0.00464337
0.302172
-0.367071
0.0706026
0.219205
0.0333788
-0.298099
-0.226182
0.205877
0.044461
-0.155928
0.0459452
0.0939018
-0.0784849
-0.243851
0.261349
-0.145177
0.147097
0.366215
0.413099
-0.117273
-0.0531049
-0.275283
0.0509288
0.137397
-0.0323122
-0.00319002
-0.222506
-0.0529105
-0.154315
0.304548
0.0897607
0.296028
-0.20796
-0.0281579
-0.192985
0.0194286
0.156341
0.0390561
0.0749661
0.248453
0.207249
0.12671
-0.085249
0.0633608
-0.080308
-0.0209798
-0.206739
0.00628349
0.332562
0.00115212
-0.0483915
-0.0390405
0.00875486
-0.101808
-0.338263
-0.0472206
-0.563124
0.107441
0.0304164
0.0728566
-0.556062
-0.148679
-0.0346189
-0.157532
-0.274813
-0.136095
-0.269077
-0.0306823
0.0348467
-0.184074
-0.00806199
-0.134326
-0.290088
0.089594
-0.246662
-0.275569
0.44978
-0.0871715
-0.216403
-0.143311
-0.0553496
0.381539
-0.0699614
-0.213308
0.0968099
-0.090757
0.124542
0.00582014
-0.0420237
-0.338375
-0.0602671
-0.578636
0.135684
0.144577
-0.0449194
0.449852
0.0942351
-0.0372456
-0.110607
0.236861
0.0282902
0.108872
-0.0119485
0.226654
-0.0277277
-0.0574211
-0.154867
0.247728
0.159807
-0.263936
0.151602
-0.0749693
0.502299
-0.010708
0.329282
-0.0575342
0.113403
0.0351131
-0.190411
0.084716
-0.140047
0.300137
-0.0541115
0.0764055
0.12291
-0.141937
0.328344
0.0914725
0.0939389
0.0173776
0.244278
0.30575
-0.34647
0.329536
-0.0813015
-0.177299
0.185801
-0.141568
0.354679
0.226839
-0.0569455
0.0655706
0.138632
-0.32581
-0.134958
-0.0780005
0.113875
0.202771
0.253558
-0.0631743
-0.0103193
-0.0754486
0.479659
-0.157644
-0.0736034
-0.506482
0.0822693
-0.126907
-0.532773
-0.12583
0.219594
0.419793
0.218681
-0.0559828
0.25182
-0.200683
-0.380913
-0.0136797
0.0101604
-0.565738
-0.370618
0.519174
-0.192502
-0.211749
-0.306266
0.136499
-0.25939
-0.134608
-0.0202877
0.284392
0.343598
0.109034
0.103287
-0.272157
-0.0893989
-0.045355
-0.101195
0.106944
0.269921
0.197634
0.027888
0.306958
0.0738483
-0.248864
0.120641
-0.0858913
-0.284447
-0.1929
-0.000272159
-0.0795389
0.321812
0.0583809
-0.0809629
0.0484754
-0.254364
-0.34206
0.0580649
0.0494084
-0.221343
0.006304
0.0215143
0.0835407
-0.113294
0.00580885
0.219967
0.107127
-0.0202128
0.0712815
-0.0927968
0.0361822
-0.232726
0.0795566
-0.0459434
-0.0937733
0.286491
-0.0197425
-0.178005
0.321959
-0.102482
0.232343
0.118006
0.224049
0.304566
0.0885068
-0.361391
0.156007
-0.164653
0.221848
-0.0887556
-0.106689
-0.115361
0.139846
0.0575069
-0.307434
0.181403
-0.188719
0.239263
-0.039052
0.30686
0.112152
-0.102153
-0.0895045
0.142382
0.0787742
0.0611258
0.207831
0.132235
-0.167423
0.154417
0.0718775
0.289239
0.15281
0.0826054
0.165383
-0.0326713
0.0184161
-0.0663157
0.25721
-0.00331741
0.0930323
-0.328382
0.304449
0.00396315
0.000884152
-0.0169957
0.174994
-0.285399
-0.073384
0.256451
0.40009
0.10215
-0.449044
0.00506209
0.00278625
0.131465
0.212679
-0.296798
-0.530516
-0.172083
-0.125766
0.00815789
0.0776667
-0.135434
-0.131196
-0.0816404
0.149669
0.134896
-0.0326344
0.236611
-0.207555
0.132434
-0.110918
-0.405636
0.26758
0.0627887
0.0236236
0.00349208
-0.0411757
-0.153127
-0.264269
0.250642
-0.281482
-0.0596439
0.250711
-0.073254
-0.180537
0.394363
-0.0064294
-0.0133727
-0.12531
-0.251207
0.0253098
-0.38545
-0.108565
-0.211167
0.132343
-0.0991336
0.0338264
0.28523
-0.442573
-0.168494
-0.115356
-0.15802
0.0289996
0.194766
0.0815155
0.0510795
0.107427
-0.0579422
-0.0982362
-0.126919
0.150544
0.118835
0.0903637
0.0847292
-0.0355285
-0.198467
0.0250301
0.0447377
-0.147523
0.139206
0.189828
-0.350549
0.207933
0.0457176
0.119756
-0.200623
-0.265119
0.431982
0.12756
0.355051
-0.0553358
0.273376
-0.0535267
-0.348624
-0.41274
-0.313622
-0.123015
0.21941
-0.171522
0.0771558
-0.101762
0.0800119
0.0657724
-0.0251175
-0.443417
0.163104
0.286837
-0.150241
0.0376061
-0.24002
0.0373303
-0.0336527
-0.266398
-0.110239
0.0190679
-0.168616
-0.177516
-0.193984
-0.188866
-0.205617
0.129505
-0.0341905
0.0384286
-0.307986
0.206546
-0.336318
-0.0788348
0.389337
0.529529
-0.224503
0.130993
-0.138736
-0.208297
0.428743
0.0275409
0.168725
-0.178971
-0.205931
0.0343758
0.288011
0.0658031
-0.0644551
0.0507447
0.284541
-0.132012
0.16843
0.175787
-0.106482
0.442576
-0.208978
0.00405193
0.221126
-0.0516234
0.094912
0.139847
0.144121
-0.131778
0.107293
-0.0200764
0.0631732
0.175004
-0.212088
0.0706804
0.229915
-0.219831
0.0247938
-0.487288
0.0114932
-0.268633
-0.0957638
0.259131
-0.0464092
0.218969
0.0400919
-0.181636
-0.236481
0.0796265
0.170384
0.190095
0.214726
-0.364888
-0.10114
-0.0170699
0.198883
-0.00103147
-0.180509
0.241498
-0.238642
-0.13161
0.306757
-0.131947
0.0387831
0.3032
0.0292783
0.0320694
-0.278691
0.000425784
-0.181292
-0.11243
0.0176743
-0.5574
0.204974
-0.256699
-0.0448098
0.0402623
-0.148532
0.120402
0.496706
0.303313
-0.22031
0.131217
-0.441963
0.0321268
-0.068114
0.205612
0.0100687
-0.430687
0.0193172
0.0141285
-0.133978
0.131353
-0.147826
0.213876
0.0624609
-0.149323
-0.135049
0.403531
-0.140279
-0.063283
-0.321666
0.0982179
0.149332
-0.350166
0.0110221
-0.0332385
-0.319944
0.190115
0.0995557
0.351899
-0.327406
0.502188
-0.139564
-0.144341
0.0626337
0.289969
0.206005
0.211525
-0.167098
0.153259
0.0858827
0.226027
-0.17445
-0.197962
-0.191098
-0.252119
0.264648
-0.0368635
0.010254
-0.0072827
-0.214479
-0.26913
0.229533
-0.184395
-0.286216
0.0480199
-0.226204
0.120762
0.109175
-0.23973
0.352605
-0.172806
0.17271
0.411745
-0.094439
-0.154836
0.00275242
-0.0150529
0.228445
0.16832
-0.0916229
-0.426475
0.119374
-0.0953476
-0.282915
0.186123
0.0619766
-0.15314
0.0880165
0.260779
-0.0825415
-0.103531
0.0969198
0.201442
-0.324281
-0.128914
0.0203953
0.197942
0.0109596
0.174776
0.202225
-0.172576
0.005882
0.103161
0.133572
0.129387
-0.012386
-0.474823
0.0314499
-0.0446896
-0.202358
-0.0313251
0.175827
-0.0713876
-0.338053
0.313958
-0.0039251
0.100302
-0.114483
0.0190996
0.277117
0.142062
-0.256452
0.0678502
-0.272086
0.127473
0.282598
0.178873
0.0069072
0.143602
0.0860111
-0.0876067
0.450708
0.0773797
-0.125592
-0.311221
0.0304237
-0.127996
-0.0498483
-0.271589
-0.0105369
-0.444198
-0.0506824
-0.354173
0.193975
-0.257534
-0.00279888
-0.00670928
-0.102538
-0.0772746
0.100466
-0.393902
0.0769625
0.0859443
0.115767
0.244962
-0.138647
0.083347
0.381796
-0.408052
0.234756
-0.310135
-0.0873085
0.535338
0.159296
-0.19647
0.171778
0.165815
-0.278268
-0.0199357
-0.276604
0.0557381
0.110231
0.277607
0.366857
-0.156662
-0.08721
-0.406833
0.253936
-0.085095
0.154236
-0.265132
0.260119
0.0821227
0.246021
0.11645
-0.204519
0.0948344
0.130271
-0.328428
-0.0234747
-0.210135
0.0571092
0.00503572
-0.14576
0.131192
0.00907408
0.0410511
-0.152743
0.123884
-0.111496
0.143952
-0.188039
-0.0710477
-0.496291
-0.00922515
0.0339432
-0.350108
0.0111974
0.213033
-0.0561605
-0.025275
-0.0286158
0.106357
0.152341
0.056763
0.00108564
0.0605705
0.115341
-0.120114
-0.163464
-0.0622654
0.102507
-0.0943744
-0.225572
0.226673
-0.0678664
0.09938
0.0165088
0.0639677
0.11914
0.289852
-0.316526
-0.161588
0.184596
-0.0687031
0.0464635
0.249965
-0.384308
-0.281013
-0.190433
-0.00476083
-0.0265567
-0.205615
-0.0774795
-0.0322548
-0.191134
-0.125409
0.179117
-0.182221
0.102636
0.0143179
0.214039
-0.197236
-0.120559
0.376267
-0.0386099
-0.0325537
-0.036763
0.14852
0.144817
0.30057
-0.110821
-0.105534
-0.245656
-0.256796
0.273749
-0.124507
-0.0663389
-0.462985
0.104854
-0.250525
-0.107482
-0.303381
-0.0838507
0.0190861
0.344744
