-0.0518186
0.320318
-0.299792
0.0349535
0.0238528
-0.0604046
0.0916362
0.0377969
0.0789949
-0.473968
0.00883936
-0.132898
-0.127251
-0.0342497
0.346253
-0.15297
0.14063
0.02907
0.018734
0.240824
0.0522042
-0.138392
0.336286
-0.140405
0.0350397
0.0548346
-0.172613
0.237246
0.263308
0.136207
0.188513
0.165673
-0.117944
0.0418209
0.172091
0.0588842
-0.0933746
-0.333757
-0.0263485
0.315325
-0.158342
-0.184463
-0.20946
-0.0883926
0.191074
-0.00647842
0.00205608
0.183952
-0.400823
0.036085
-0.000813495
0.0657247
-0.0843368
-0.0481901
-0.483681
0.00295195
0.0875378
-0.0471555
-0.473106
0.395837
0.153426
0.148492
-0.0199419
0.0174498
0.0660395
0.187727
0.180262
0.188909
-0.151641
-0.208896
0.0389954
-0.437686
0.223782
0.0589325
0.22889
-0.0589259
-0.116094
-0.316538
-0.397157
0.461793
-0.169976
-0.11244
0.0477046
-0.230538
-0.0288306
0.653475
0.192821
0.026936
0.211606
0.0772391
-0.0878539
-0.104059
-0.136978
0.0795801
-0.0504402
-0.0915237
-0.110129
-0.192603
0.0628202
0.159878
1.08994
0.826579
0.700752
0.69566
0.763475
0.999826
1.22567
1.05693
1.10689
1.02115
0.770071
1.03669
0.990483
1.05042
1.04018
-0.22175
-0.0154972
-0.334453
0.111354
-0.00868661
-0.0511334
-0.0636896
0.209541
-0.292991
0.0698536
-0.172396
0.24228
0.0972354
-0.0307004
-0.328466
0.746757
0.905542
0.780617
0.954955
0.976252
1.11849
0.960937
0.875573
0.882189
0.92027
-0.046515
0.294698
-0.129784
-0.40942
-0.233698
1.12446
1.12306
1.05404
1.1187
0.91781
1.13669
0.340473
1.24311
1.07686
0.952585
1.3213
1.02784
1.09467
1.25316
0.952697
0.224743
0.210043
-0.0918748
0.153181
0.22863
1.59278
0.961275
0.82137
1.20107
1.04096
0.333992
-0.0871678
0.0797673
0.136593
0.127142
1.18512
1.01309
1.2022
0.852921
0.987593
-0.01908
0.368287
0.246718
0.227243
-0.22423
0.0273126
0.0509376
-0.00516833
-0.0551147
-0.290466
0.0316435
-0.397755
-0.0317164
0.200747
0.276541
-0.0292803
-0.243402
-0.113771
0.272885
0.306044
1.14936
1.17959
0.840843
0.650214
1.2297
0.232156
0.100441
-0.0879969
0.168721
0.107236
0.12839
0.261597
-0.12999
-0.129851
-0.0387786
0.853874
0.704401
0.85892
0.77881
1.19682
0.137884
0.134484
-0.33093
-0.117792
0.139492
0.888335
0.942803
0.795854
0.761589
1.07453
0.9337
1.06361
0.931513
0.9542
1.11919
-0.248259
0.195739
0.130157
0.211023
0.163722
0.22682
0.288172
0.026772
-0.120906
-0.143816
0.783357
0.864028
1.07103
1.03166
1.31822
1.42845
1.26251
1.24416
0.795121
0.964627
-0.0373223
0.228563
-0.00931116
0.0479732
0.264418
0.826522
1.22534
1.01745
0.777052
1.15778
-0.338887
-0.539736
0.141143
-0.147069
-0.273296
-0.212898
-0.428658
-0.474478
-0.10196
-0.078607
0.958863
0.7295
0.856814
1.24116
1.23507
0.352784
0.0215064
0.0298935
0.0148386
0.140009
0.987498
0.913135
0.608245
1.42196
1.04484
1.32673
0.696384
0.762221
1.25897
1.29438
0.538358
0.169371
-0.267468
0.165575
0.0182819
1.12781
0.905891
0.914633
1.37432
1.09983
0.836344
0.893505
1.3493
1.30302
1.09922
0.190225
-0.165217
-0.166894
-0.00171189
0.140704
1.16142
0.973269
0.996557
1.11272
1.5172
0.0150457
-0.148038
-0.262337
-0.101795
0.308146
-0.277466
0.255358
0.194036
-0.353906
0.0622748
0.90699
1.22941
0.772975
1.22256
1.30682
0.0233108
-0.190757
0.210292
-0.00640854
-0.129754
1.25976
0.443299
0.767423
0.96441
1.1622
0.895951
1.13743
1.3457
0.771409
1.2453
0.960097
0.527831
1.31655
1.10091
1.0795
0.393106
0.241255
-0.314304
-0.192365
0.0553394
0.119006
0.0138558
0.204737
-0.0866389
-0.0943007
0.690327
1.16033
0.842873
0.90833
1.37099
0.170097
-0.24294
-0.0475238
-0.0627398
0.0241696
-0.198773
-0.269771
0.39365
0.0487458
-0.108589
1.21624
0.919802
1.31439
0.993284
1.25059
0.86932
1.33374
0.99994
1.24182
1.22882
-0.145191
-0.140546
0.389707
0.159849
-0.304742
1.27647
0.856352
0.851556
0.798162
1.09245
-0.136864
0.098192
0.0269028
-0.0751251
0.470964
-0.0615507
0.315065
0.132838
-0.1348
-0.00103235
1.18077
0.449746
1.07901
0.990527
0.596124
-0.0762149
0.32583
-0.0724191
-0.105168
-0.0942994
1.11404
0.96694
0.753219
1.01912
0.806211
1.00869
0.919761
1.20852
0.638743
0.840859
0.120282
0.334556
0.0718786
0.103508
0.101019
1.17019
1.12693
0.967647
0.673443
1.25004
0.562298
1.38487
0.713014
0.891305
0.970024
-0.159362
-0.367321
-0.0482578
-0.0388861
-0.0541623
0.0255918
0.281685
0.1705
0.0791542
0.162781
-0.197163
-0.142086
-0.286572
-0.0158655
-0.165209
1.14152
0.872005
0.968189
0.999446
1.1721
0.755594
0.741901
0.938347
1.07461
0.76855
-0.0370708
-0.106028
0.0174265
-0.374453
0.0750255
1.07312
0.818717
1.24067
1.10325
1.23671
1.08911
0.884328
1.00637
0.855471
1.21406
0.207044
-0.344274
-0.00775933
-0.168844
0.29369
-0.124893
-0.139823
-0.24089
-0.504688
-0.100404
-0.01196
-0.101127
0.00513274
0.107061
0.295946
-0.104694
0.19836
0.0423657
-0.310737
-0.389244
0.719906
0.832425
0.910212
1.1512
0.988824
0.188978
0.114303
0.464313
0.264881
-0.0713002
0.0664889
-0.0226397
-0.0664375
-0.0848562
0.00333552
0.223891
0.0385727
0.407554
0.0394842
0.177926
0.212634
-0.235865
0.26167
0.257605
-0.35904
0.212512
0.154822
-0.0831005
0.0420137
0.146201
0.0308581
-0.0237944
0.147
0.256568
0.00462363
1.03621
1.14936
1.03079
1.35644
0.750459
-0.00676806
0.0118564
0.0759147
0.0485384
-0.350206
0.208556
0.247894
0.0220027
-0.181745
0.318638
1.21007
1.55605
0.962134
0.72594
1.4151
1.00157
0.75996
1.00645
0.868857
0.978453
-0.00831191
-0.0859475
-0.055762
0.189074
-0.426931
0.332587
0.290855
-0.515949
0.50935
0.266648
0.203209
-0.0729555
-0.512957
0.369409
-0.0354878
0.64762
1.05395
0.694473
1.14664
1.0559
1.37287
1.34691
0.692131
1.19203
1.10851
-0.31133
0.0316409
0.153111
-0.251197
0.138351
0.913369
0.787595
1.00384
1.33595
0.861412
-0.189261
-0.0306422
-0.0662879
0.0440956
-0.392741
-0.148418
0.20406
-0.160744
-0.25222
-0.240668
1.02101
0.872402
0.712487
0.985781
0.994973
0.224632
0.234293
-0.101893
-0.0579866
-0.0575396
0.543124
0.877934
0.961553
1.19445
1.35462
0.794317
0.925543
0.967555
0.876043
1.10168
0.908945
1.01408
1.02061
1.28133
0.91526
0.137539
0.0480534
0.20441
0.242072
-0.0860173
1.14198
1.00829
1.3447
0.654868
1.10273
0.0672179
-0.211695
-0.110409
0.174316
0.193591
1.13227
1.07332
0.857153
0.951024
0.942832
-0.2329
0.0569343
-0.131528
0.26272
0.0525459
1.06315
1.08866
1.15923
1.05429
0.992465
1.21076
0.944853
0.825834
1.30615
0.808421
-0.0145003
-0.231324
-0.198121
0.157743
0.0602244
-0.0137986
0.293561
0.208615
-0.0490951
0.145819
0.0689287
0.0841385
-0.150398
-0.0250823
-0.738209
0.937315
0.995765
0.391099
1.03399
1.0189
-0.158592
-0.0895951
-0.0148919
0.0766267
-0.0872843
0.0964065
-0.0524277
-0.0639641
0.173134
-0.368054
1.41061
0.713723
0.60662
0.799656
1.2809
0.669871
0.77354
0.954525
0.84054
1.32473
0.0631462
0.0690258
-0.10557
0.246299
-0.00224476
0.945562
1.2762
1.26218
1.2301
1.11149
-0.299804
-0.258323
-0.319284
-0.212928
-0.161742
0.0881757
0.197959
-0.247335
-0.0876115
0.167546
1.06054
0.789286
1.06643
0.525658
0.747714
-0.166372
0.165725
-0.103812
0.0641052
-0.178863
0.988399
0.875211
0.789201
0.924542
1.15306
1.23595
0.651695
1.10039
0.651928
0.83616
0.361991
0.0240997
-0.0923925
0.117873
-0.44572
0.87684
1.0611
0.725322
0.943588
1.24148
0.900369
1.16346
0.902215
0.781194
1.02802
0.136016
-0.123886
-0.439184
0.10738
0.030884
0.885904
0.976087
1.42588
0.755158
1.11735
0.0800146
0.194777
0.0965816
0.361555
0.185311
1.00504
1.10226
1.19372
0.805033
1.23164
1.06216
1.09422
1.19723
1.16497
1.2658
0.0978885
-0.422334
-0.250214
0.232608
-0.0332947
1.21329
0.956346
1.0817
1.23483
0.941364
0.982509
1.04842
1.50299
1.36625
0.761806
1.15111
1.02723
1.12426
0.928418
0.894203
0.968218
1.04045
1.06275
0.937052
1.32819
0.2727
0.0948699
0.187188
0.194537
-0.0568205
0.846069
1.06701
0.848297
1.42973
0.907997
1.01462
1.18871
0.921022
1.29351
0.76515
0.867591
1.023
0.826814
1.19201
0.744848
-0.0452428
0.550553
-0.101537
-0.0306624
0.185257
0.799727
1.12724
0.646964
0.971641
0.993678
1.12432
0.924163
1.09585
1.19713
1.37968
0.00150114
0.262877
0.0140035
0.431504
-0.206514
0.0143164
0.0567267
0.135367
-0.151326
-0.29708
1.22844
0.925135
0.899604
0.93148
1.16977
0.261755
0.0886256
-0.0759398
-0.100489
-0.22552
1.14422
1.18399
1.17453
1.35861
0.802064
-0.0859228
-0.168137
-0.105646
0.138305
-0.223017
0.185442
-0.0456924
-0.364373
0.182846
0.356122
-0.111952
0.0908236
0.103981
-0.0934882
0.149847
-0.149194
-0.106385
-0.157086
0.0123412
0.29078
-0.0797114
-0.0655268
-0.28407
-0.060403
-0.101818
0.291565
-0.0178768
-0.163652
-0.138706
-0.161072
-0.293525
0.11973
0.271238
-0.375043
0.198015
0.0442657
-0.0586722
-0.0992226
0.0638288
0.0591461
0.151075
-0.23619
-0.30955
-0.130811
-0.220941
-0.098434
0.263728
0.152189
0.105567
0.095424
-0.0337979
-0.278505
-0.259433
0.0271561
-0.158403
0.11008
0.0883941
0.269602
-0.00569635
-0.177721
0.392526
-0.265405
-0.25985
0.0841536
-0.043863
0.274705
0.14169
0.0897478
-0.111191
0.128423
-0.28427
-0.087475
0.167315
-0.192013
0.0556641
-0.190586
-0.0656609
-0.116996
-0.0745013
0.129377
-0.153472
-0.0146922
-0.153426
0.12212
-0.200815
-0.0472281
0.0433982
-0.12236
0.135227
0.31532
-0.320379
-0.0898721
0.031256
-0.0871089
-0.0160799
0.0775478
0.166409
-0.099654
0.127286
0.132909
0.321412
-0.140566
-0.143262
0.137113
-0.0285731
0.00241262
-0.0853491
0.198055
-0.0680356
0.0953667
0.256016
0.221711
-0.300721
0.254228
0.270925
0.169126
0.399021
-0.180961
-0.0587126
-0.2214
-0.0311019
0.228662
0.460542
0.20233
-0.0085824
-0.0444674
-0.135404
-0.0602593
-0.119802
0.105142
0.11058
-0.0365523
0.242208
0.276101
0.202307
-0.027016
0.268335
-0.0812353
-0.252808
-0.0116207
0.152616
0.0678966
-0.469051
0.0610037
-0.0415959
0.380527
-0.083534
-0.130558
-0.31802
-0.189538
-0.120911
-0.118939
0.165461
-0.134045
0.319455
0.140084
0.179646
0.375902
0.217895
-0.294486
0.245061
-0.179892
-0.649689
-0.394869
0.0644576
-0.326174
-0.290901
0.310852
-0.0504808
-0.158588
0.255081
-0.116874
0.11516
0.192879
0.453703
-0.154689
-0.128728
0.0979789
0.538524
0.125426
0.287615
-0.228898
0.0354867
0.0118134
-0.195192
0.0869543
-0.307988
0.248729
-0.230532
-0.0717115
0.160679
0.0877505
-0.127487
-0.203202
0.338385
0.275911
0.423063
0.48478
-0.0249102
0.0370959
0.13833
-0.305134
0.235345
-0.25983
0.377774
0.328198
0.0974987
-0.291525
-0.273452
-0.14708
-0.044019
-0.338574
0.343874
-0.0652698
-0.145376
0.126456
0.365955
0.0184638
0.215508
-0.198322
-0.0125421
0.00414769
0.041228
-0.144945
0.0772639
-0.141048
-0.00800727
0.163824
-0.0215149
0.222637
-0.037564
0.00109516
0.0110439
0.111679
-0.210482
0.0219686
0.00725516
-0.243419
-0.0302858
-0.0854723
-0.142337
0.0150875
0.0728469
-0.357957
-0.0547901
-0.469848
-0.269983
-0.0584913
0.0710621
0.275185
-0.122342
0.111109
0.202115
0.189636
0.229163
-0.182624
-0.10247
0.104038
0.0464763
-0.0851194
-0.0856076
0.118304
-0.212282
0.0408303
0.407439
-0.0744067
-0.397784
-0.126016
-0.0555646
-0.0315164
0.212738
0.0815928
-0.189015
-0.220752
0.119982
0.176086
-0.399818
0.0195584
0.170502
-0.0102778
-0.259819
0.260391
0.442252
0.326297
-0.036382
-0.197152
-0.100934
-0.474684
0.0514632
0.194879
-0.0226766
-0.0950289
0.130768
0.144636
0.0996359
0.337843
-0.124842
0.137529
-0.492207
-0.178645
0.0111789
0.27222
-0.0929291
-0.178672
-0.218723
0.115064
-0.141251
0.303624
0.252083
-0.181589
-0.0906912
-0.0377077
-0.265671
-0.247971
0.0243733
-0.031084
0.145528
0.0569969
0.00763918
-0.0809401
-0.174953
-0.207831
-0.272329
-0.097225
-0.1843
0.303051
-0.258126
-0.0911339
0.0201679
-0.117215
-0.0458251
-0.122737
0.608695
-0.198693
-0.170447
0.388223
-0.148519
0.0517636
-0.0206392
-0.20283
-0.0913729
-0.132662
0.135353
-0.0538979
-0.087519
-0.310174
-0.0754216
0.0793977
-0.350643
0.129466
0.383088
0.0721227
0.0462582
0.0857824
0.116727
-0.145861
-0.278645
0.209158
-0.170801
0.382727
-0.192871
-0.189041
-0.0172139
0.0560747
-0.049093
0.154152
0.00120095
-0.0606438
0.115587
0.0470453
0.0127797
0.252235
0.0336006
-0.464654
0.0687761
0.0998607
-0.279585
0.0234523
0.187939
0.00924715
-0.0138624
0.150278
0.195485
-0.000347458
-0.352402
0.219976
0.16586
0.0288204
0.0675509
-0.117209
0.170186
0.176645
-0.00779183
-0.157937
0.318696
0.04797
-0.287567
-0.277564
-0.149094
-0.119983
0.139302
-0.254396
0.245912
-0.544559
0.25578
0.324016
0.207222
0.14988
-0.439943
0.131158
0.148694
-0.447592
-0.2245
0.162217
-0.205117
0.127246
-0.225933
-0.314503
-0.130735
-0.259038
-0.204649
0.0474878
0.0196938
0.0488108
0.0337513
-0.0242281
-0.120074
0.0874304
-0.0993652
0.00373207
-0.0178697
-0.155286
0.0163721
-0.418265
0.202704
-0.484291
-0.0824572
0.268412
-0.414717
0.0297606
0.0659538
-0.0304876
0.00559016
-0.155623
-0.300196
0.0848902
0.317636
-0.335804
0.0788071
0.223734
-0.105728
-0.161018
-0.122341
0.358729
-0.207146
-0.157141
0.0109132
-0.457455
-0.113581
-0.00315541
-0.187654
-0.0668127
-0.0864573
-0.394389
-0.165703
-0.159604
-0.393598
0.132904
-0.344724
-0.226378
0.0329465
-0.02097
0.832621
-0.0770566
0.0423941
-0.115233
-0.099683
-0.306455
-0.280553
-0.145945
-0.10256
-0.0845303
0.118376
0.034842
0.0470731
0.0811166
-0.351602
0.0252948
0.36212
-0.438608
-0.0400174
-0.0524279
0.214082
0.0160088
0.107185
0.258123
0.0738591
-0.104503
-0.021005
-0.215227
0.0264366
0.0892287
0.0142051
-0.207637
0.128597
0.246879
0.0476776
-0.205776
-0.21977
-0.354765
0.177678
-0.168885
0.00872452
0.117842
0.199634
-0.262798
0.0841782
-0.0966919
-0.0861999
-0.174852
-0.126695
0.0734101
0.0578581
-0.0971066
-0.130509
0.0209509
0.320882
0.197581
-0.058098
0.195169
-0.337662
0.141889
0.210849
0.0786247
0.210046
-0.106888
0.277596
-0.329868
0.351771
-0.0208597
0.282865
0.189969
0.115556
-0.360176
0.0893722
-0.147974
0.501235
-0.0321149
0.180929
-0.0503754
-0.336256
0.0264099
-0.173008
0.230721
0.246439
0.156457
0.251686
-0.14201
0.162197
0.199159
-0.178459
-0.0490597
-0.373566
-0.0583663
0.0917086
0.161599
0.221785
-0.400042
-0.489248
0.0064487
-0.293921
-0.129903
-0.297562
0.145594
0.146042
-0.0497003
0.301026
0.367954
-0.219516
0.257711
0.156645
-0.107109
0.154879
-0.121208
0.106277
0.0528242
-0.0697702
0.233981
-0.0514909
0.104082
0.0312478
0.12642
-0.0197432
-0.100653
0.244671
0.136853
-0.105421
0.0399943
0.0351408
0.332266
0.0159078
-0.0893455
-0.267591
-0.0575402
-0.163138
0.232109
-0.0809922
-0.0659418
0.251415
0.115836
0.163453
-0.463914
-0.226635
0.337057
0.302314
-0.188303
0.0638814
0.0615489
0.137091
-0.228343
-0.148954
0.382957
-0.102847
-0.130008
-0.0885691
0.155209
0.320301
-0.0952258
0.0426588
-0.0471448
0.0602564
0.141459
-0.17227
0.197012
0.176517
-0.116334
-0.1246
-0.150962
0.139937
-0.321091
-0.111748
0.185799
0.0978391
0.0279835
-0.102422
-0.135963
0.430051
0.0643369
-0.111538
-0.00995693
-0.0551152
-0.18854
0.0180958
-0.18045
0.394332
0.224987
-0.290273
0.156098
-0.434411
-0.00987407
0.00630471
-0.0253068
-0.269025
-0.0923868
0.193572
0.19874
-0.0739524
-0.13879
0.179703
0.116181
0.180157
-0.24889
-0.0682333
0.284801
0.5013
0.261781
-0.173169
-0.08075
-0.110586
0.103144
0.0965071
0.201406
-0.0541905
-0.0927719
0.0205859
-0.0157706
0.327443
-0.150277
0.103137
-0.0728617
0.145544
-0.175796
0.0892903
0.104114
-0.0543089
0.0124492
-0.0648604
-0.281349
0.0663848
0.0150355
-0.0859868
-0.200398
0.0822913
-0.0385954
-0.0865726
