5 0 80 1
5 0.2 79.9563 1
5 0.4 80.5078 0.72
5 0.6 80.8838 0.02
5 0.8 81.5677 0.02
5 1 81.2219 0
5 1.2 81.5665 0.01
5 1.4 85.4866 0.02
5 1.6 89.7123 0
5 1.8 93.9803 0.02
5 2 97.1586 0
5 2.2 99.818 0
5 2.4 101.583 0.02
5 2.6 105.314 0
5 2.8 111.639 0
5 3 117.982 0
5 3.2 120.854 0.01
5 3.4 122.703 0
5 3.6 129.954 0
5 3.8 133.324 0.01
20 0 320 1
20 0.2 320.153 1
20 0.4 318.549 1
20 0.6 319.043 0.99
20 0.8 320.753 0.77
20 1 318.153 0.18
20 1.2 316.998 0.01
20 1.4 319.204 0.02
20 1.6 323.799 0
20 1.8 323.253 0
20 2 324.822 0.01
20 2.2 329.415 0
20 2.4 339.912 0
20 2.6 343.235 0
20 2.8 349.578 0.01
20 3 350.404 0.01
20 3.2 367.898 0
20 3.4 371.773 0.01
20 3.6 371.883 0
20 3.8 385.804 0
100 0 1600 1
100 0.2 1601.03 1
100 0.4 1598.03 1
100 0.6 1599.98 1
100 0.8 1601.49 1
100 1 1603.22 1
100 1.2 1596.04 0.99
100 1.4 1604.41 0.98
100 1.6 1609.36 0.9
100 1.8 1595.57 0.6
100 2 1605.37 0.63
100 2.2 1592.61 0.21
100 2.4 1600.72 0.06
100 2.6 1606.35 0.02
100 2.8 1599.77 0.02
100 3 1619.1 0
100 3.2 1613.28 0.01
100 3.4 1596.77 0
100 3.6 1635.03 0.01
100 3.8 1628.75 0.01
200 0 3200 1
200 0.2 3199.32 1
200 0.4 3199.28 1
200 0.6 3199.96 1
200 0.8 3202.59 1
200 1 3199.65 1
200 1.2 3198.38 1
200 1.4 3194.37 1
200 1.6 3203.09 1
200 1.8 3197.05 1
200 2 3198.62 0.97
200 2.2 3201.23 0.95
200 2.4 3215.44 0.83
200 2.6 3216.18 0.68
200 2.8 3206.45 0.51
200 3 3220.45 0.21
200 3.2 3189.41 0.12
200 3.4 3241.53 0.1
200 3.6 3230.22 0.06
200 3.8 3206.87 0.03
