5 0 80 1
5 0.2 81.5086 1
5 0.4 75.5936 1
5 0.6 77.1952 0
5 0.8 75.1425 0
5 1 75.8466 0
5 1.2 80.6622 0
5 1.4 78.3598 0
5 1.6 87.1429 0
5 1.8 93.4674 0
5 2 103.852 0
5 2.2 111.599 0
5 2.4 110.697 0
5 2.6 96.2925 0
5 2.8 104.554 0
5 3 130.713 0
5 3.2 118.4 0
5 3.4 141.381 0
5 3.6 113.543 0
5 3.8 122.021 0
20 0 320 1
20 0.2 323.735 1
20 0.4 320.661 1
20 0.6 309.17 1
20 0.8 347.357 1
20 1 283.553 0
20 1.2 308.207 0
20 1.4 293.855 0
20 1.6 282.91 0
20 1.8 328.972 0
20 2 347.988 0
20 2.2 342.953 1
20 2.4 311.044 0
20 2.6 358.751 0
20 2.8 331.141 0
20 3 367.328 0
20 3.2 422.404 0
20 3.4 418.894 0
20 3.6 445.277 0
20 3.8 425.477 0
100 0 1600 1
100 0.2 1600.11 1
100 0.4 1602.79 1
100 0.6 1599.19 1
100 0.8 1587.77 1
100 1 1559.12 1
100 1.2 1658.59 1
100 1.4 1629.41 1
100 1.6 1613.16 1
100 1.8 1592.11 1
100 2 1676.59 0
100 2.2 1651.31 0
100 2.4 1533.9 0
100 2.6 1646.28 0
100 2.8 1567.01 0
100 3 1481.46 0
100 3.2 1647.86 0
100 3.4 1658.05 0
100 3.6 1484.98 0
100 3.8 1992.38 0
200 0 3200 1
200 0.2 3188.34 1
200 0.4 3196.58 1
200 0.6 3186.37 1
200 0.8 3138.27 1
200 1 3173.01 1
200 1.2 3243.92 1
200 1.4 3272.58 1
200 1.6 3174.08 1
200 1.8 3139.53 1
200 2 3241.58 1
200 2.2 3130.61 0
200 2.4 3152.09 1
200 2.6 3299.82 1
200 2.8 3095.84 1
200 3 3221.36 0
200 3.2 3300.08 0
200 3.4 3261.11 0
200 3.6 3290.2 1
200 3.8 3364.92 0
