5 0 1 1
5 0.2 0.965823 1
5 0.4 0.863337 0.9
5 0.6 0.755465 0.1
5 0.8 0.659529 0
5 1 0.588432 0
5 1.2 0.529214 0
5 1.4 0.472407 0
5 1.6 0.42808 0
5 1.8 0.404261 0
5 2 0.363603 0.1
5 2.2 0.365084 0
5 2.4 0.322193 0
5 2.6 0.338923 0
5 2.8 0.330927 0
5 3 0.335145 0
5 3.2 0.312388 0
5 3.4 0.295822 0
5 3.6 0.312625 0
5 3.8 0.282206 0
5 4 0.26566 0
20 0 1 1
20 0.2 0.963402 1
20 0.4 0.871787 1
20 0.6 0.768567 1
20 0.8 0.667831 1
20 1 0.581402 0.5
20 1.2 0.525118 0
20 1.4 0.459017 0
20 1.6 0.387546 0
20 1.8 0.371274 0.1
20 2 0.340242 0
20 2.2 0.316845 0
20 2.4 0.272034 0
20 2.6 0.272758 0
20 2.8 0.256919 0
20 3 0.233045 0
20 3.2 0.23423 0
20 3.4 0.222462 0
20 3.6 0.20732 0
20 3.8 0.202902 0.1
20 4 0.191869 0
100 0 1 1
100 0.2 0.963248 1
100 0.4 0.874241 1
100 0.6 0.767375 1
100 0.8 0.66834 1
100 1 0.586191 1
100 1.2 0.514424 1
100 1.4 0.463471 1
100 1.6 0.414533 1
100 1.8 0.377526 0.8
100 2 0.332109 0.7
100 2.2 0.311171 0.7
100 2.4 0.297312 0.3
100 2.6 0.260888 0.2
100 2.8 0.263032 0
100 3 0.233173 0.1
100 3.2 0.22335 0
100 3.4 0.214003 0
100 3.6 0.192647 0
100 3.8 0.183367 0
100 4 0.173578 0
200 0 1 1
200 0.2 0.963761 1
200 0.4 0.873823 1
200 0.6 0.76736 1
200 0.8 0.666571 1
200 1 0.581323 1
200 1.2 0.51492 1
200 1.4 0.456309 1
200 1.6 0.412351 1
200 1.8 0.372371 1
200 2 0.33012 1
200 2.2 0.311317 1
200 2.4 0.292781 0.8
200 2.6 0.260264 0.6
200 2.8 0.247026 0.4
200 3 0.232541 0.6
200 3.2 0.219764 0.6
200 3.4 0.20847 0.2
200 3.6 0.194548 0.2
200 3.8 0.18932 0.4
200 4 0.183775 0.1
