0.4 1 0
0.4 2 0
0.4 3 0
0.4 4 1
0.4 5 1
0.4 6 1
0.4 7 1
0.4 8 1
0.4 9 1
0.4 10 1
0.4 11 1
0.4 12 1
0.4 13 1
0.4 14 1
0.4 15 1
0.4 16 1
0.4 17 1
0.4 18 1
0.4 19 1
0.4 20 1
0.4 21 1
0.4 22 1
0.4 23 1
0.4 24 1
0.4 25 1
0.4 26 1
0.4 27 1
0.4 28 1
0.4 29 1
0.4 30 1
0.4 31 1
0.4 32 1
0.4 33 1
0.4 34 1
0.4 35 1
0.4 36 1
0.4 37 1
0.4 38 1
0.4 39 1
0.4 40 1
0.4 41 1
0.4 42 1
0.4 43 1
0.4 44 1
0.4 45 1
0.4 46 1
0.4 47 1
0.4 48 1
0.4 49 1
0.4 50 1
0.4 51 1
0.4 52 1
0.4 53 1
0.4 54 1
0.4 55 1
0.4 56 1
0.4 57 1
0.4 58 1
0.4 59 1
0.4 60 1
0.4 61 1
0.4 62 1
0.4 63 1
0.4 64 1
0.4 65 1
0.4 66 1
0.4 67 1
0.4 68 1
0.4 69 1
0.4 70 1
0.4 71 1
0.4 72 1
0.4 73 1
0.4 74 1
0.4 75 1
0.4 76 1
0.4 77 1
0.4 78 1
0.4 79 1
0.4 80 1
0.4 81 1
0.4 82 1
0.4 83 1
0.4 84 1
0.4 85 1
0.4 86 1
0.4 87 1
0.4 88 1
0.4 89 1
0.4 90 1
0.4 91 1
0.4 92 1
0.4 93 1
0.4 94 1
0.4 95 1
0.4 96 1
0.4 97 1
0.4 98 1
0.4 99 1
0.4 100 1
0.4 101 1
0.4 102 1
0.4 103 1
0.4 104 1
0.4 105 1
0.4 106 1
0.4 107 1
0.4 108 1
0.4 109 1
0.4 110 1
0.4 111 1
0.4 112 1
0.4 113 1
0.4 114 1
0.4 115 1
0.4 116 1
0.4 117 1
0.4 118 1
0.4 119 1
0.4 120 1
0.4 121 1
0.4 122 1
0.4 123 1
0.4 124 1
0.4 125 1
0.4 126 1
0.4 127 1
0.4 128 1
0.4 129 1
0.4 130 1
0.4 131 1
0.4 132 1
0.4 133 1
0.4 134 1
0.4 135 1
0.4 136 1
0.4 137 1
0.4 138 1
0.4 139 1
0.4 140 1
0.4 141 1
0.4 142 1
0.4 143 1
0.4 144 1
0.4 145 1
0.4 146 1
0.4 147 1
0.4 148 1
0.4 149 1
0.4 150 1
0.4 151 1
0.4 152 1
0.4 153 1
0.4 154 1
0.4 155 1
0.4 156 1
0.4 157 1
0.4 158 1
0.4 159 1
0.4 160 1
0.4 161 1
0.4 162 1
0.4 163 1
0.4 164 1
0.4 165 1
0.4 166 1
0.4 167 1
0.4 168 1
0.4 169 1
0.4 170 1
0.4 171 1
0.4 172 1
0.4 173 1
0.4 174 1
0.4 175 1
0.4 176 1
0.4 177 1
0.4 178 1
0.4 179 1
0.4 180 1
0.4 181 1
0.4 182 1
0.4 183 1
0.4 184 1
0.4 185 1
0.4 186 1
0.4 187 1
0.4 188 1
0.4 189 1
0.4 190 1
0.4 191 1
0.4 192 1
0.4 193 1
0.4 194 1
0.4 195 1
0.4 196 1
0.4 197 1
0.4 198 1
0.4 199 1
0.6 1 0
0.6 2 0
0.6 3 0
0.6 4 0
0.6 5 0
0.6 6 0
0.6 7 0
0.6 8 1
0.6 9 1
0.6 10 1
0.6 11 1
0.6 12 1
0.6 13 1
0.6 14 1
0.6 15 0
0.6 16 1
0.6 17 1
0.6 18 1
0.6 19 1
0.6 20 1
0.6 21 1
0.6 22 1
0.6 23 1
0.6 24 1
0.6 25 1
0.6 26 1
0.6 27 1
0.6 28 1
0.6 29 1
0.6 30 1
0.6 31 1
0.6 32 1
0.6 33 1
0.6 34 1
0.6 35 1
0.6 36 1
0.6 37 1
0.6 38 1
0.6 39 1
0.6 40 1
0.6 41 1
0.6 42 1
0.6 43 1
0.6 44 1
0.6 45 1
0.6 46 1
0.6 47 1
0.6 48 1
0.6 49 1
0.6 50 1
0.6 51 1
0.6 52 1
0.6 53 1
0.6 54 1
0.6 55 1
0.6 56 1
0.6 57 1
0.6 58 1
0.6 59 1
0.6 60 1
0.6 61 1
0.6 62 1
0.6 63 1
0.6 64 1
0.6 65 1
0.6 66 1
0.6 67 1
0.6 68 1
0.6 69 1
0.6 70 1
0.6 71 1
0.6 72 1
0.6 73 1
0.6 74 1
0.6 75 1
0.6 76 1
0.6 77 1
0.6 78 1
0.6 79 1
0.6 80 1
0.6 81 1
0.6 82 1
0.6 83 1
0.6 84 1
0.6 85 1
0.6 86 1
0.6 87 1
0.6 88 1
0.6 89 1
0.6 90 1
0.6 91 1
0.6 92 1
0.6 93 1
0.6 94 1
0.6 95 1
0.6 96 1
0.6 97 1
0.6 98 1
0.6 99 1
0.6 100 1
0.6 101 1
0.6 102 1
0.6 103 1
0.6 104 1
0.6 105 1
0.6 106 1
0.6 107 1
0.6 108 1
0.6 109 1
0.6 110 1
0.6 111 1
0.6 112 1
0.6 113 1
0.6 114 1
0.6 115 1
0.6 116 1
0.6 117 1
0.6 118 1
0.6 119 1
0.6 120 1
0.6 121 1
0.6 122 1
0.6 123 1
0.6 124 1
0.6 125 1
0.6 126 1
0.6 127 1
0.6 128 1
0.6 129 1
0.6 130 1
0.6 131 1
0.6 132 1
0.6 133 1
0.6 134 1
0.6 135 1
0.6 136 1
0.6 137 1
0.6 138 1
0.6 139 1
0.6 140 1
0.6 141 1
0.6 142 1
0.6 143 1
0.6 144 1
0.6 145 1
0.6 146 1
0.6 147 1
0.6 148 1
0.6 149 1
0.6 150 1
0.6 151 1
0.6 152 1
0.6 153 1
0.6 154 1
0.6 155 1
0.6 156 1
0.6 157 1
0.6 158 1
0.6 159 1
0.6 160 1
0.6 161 1
0.6 162 1
0.6 163 1
0.6 164 1
0.6 165 1
0.6 166 1
0.6 167 1
0.6 168 1
0.6 169 1
0.6 170 1
0.6 171 1
0.6 172 1
0.6 173 1
0.6 174 1
0.6 175 1
0.6 176 1
0.6 177 1
0.6 178 1
0.6 179 1
0.6 180 1
0.6 181 1
0.6 182 1
0.6 183 1
0.6 184 1
0.6 185 1
0.6 186 1
0.6 187 1
0.6 188 1
0.6 189 1
0.6 190 1
0.6 191 1
0.6 192 1
0.6 193 1
0.6 194 1
0.6 195 1
0.6 196 1
0.6 197 1
0.6 198 1
0.6 199 1
0.8 1 0
0.8 2 0
0.8 3 0
0.8 4 0
0.8 5 0
0.8 6 0
0.8 7 0
0.8 8 0
0.8 9 0
0.8 10 0
0.8 11 1
0.8 12 0
0.8 13 1
0.8 14 1
0.8 15 1
0.8 16 1
0.8 17 1
0.8 18 0
0.8 19 1
0.8 20 0
0.8 21 1
0.8 22 1
0.8 23 1
0.8 24 1
0.8 25 1
0.8 26 1
0.8 27 1
0.8 28 1
0.8 29 1
0.8 30 1
0.8 31 1
0.8 32 1
0.8 33 1
0.8 34 1
0.8 35 1
0.8 36 1
0.8 37 1
0.8 38 1
0.8 39 1
0.8 40 1
0.8 41 1
0.8 42 1
0.8 43 1
0.8 44 1
0.8 45 1
0.8 46 1
0.8 47 1
0.8 48 1
0.8 49 1
0.8 50 1
0.8 51 1
0.8 52 1
0.8 53 1
0.8 54 1
0.8 55 1
0.8 56 1
0.8 57 1
0.8 58 1
0.8 59 1
0.8 60 1
0.8 61 1
0.8 62 1
0.8 63 1
0.8 64 1
0.8 65 1
0.8 66 1
0.8 67 1
0.8 68 1
0.8 69 1
0.8 70 1
0.8 71 1
0.8 72 1
0.8 73 1
0.8 74 1
0.8 75 1
0.8 76 1
0.8 77 1
0.8 78 1
0.8 79 1
0.8 80 1
0.8 81 1
0.8 82 1
0.8 83 1
0.8 84 1
0.8 85 1
0.8 86 1
0.8 87 1
0.8 88 1
0.8 89 1
0.8 90 1
0.8 91 1
0.8 92 1
0.8 93 1
0.8 94 1
0.8 95 1
0.8 96 1
0.8 97 1
0.8 98 1
0.8 99 1
0.8 100 1
0.8 101 1
0.8 102 1
0.8 103 1
0.8 104 1
0.8 105 1
0.8 106 1
0.8 107 1
0.8 108 1
0.8 109 1
0.8 110 1
0.8 111 1
0.8 112 1
0.8 113 1
0.8 114 1
0.8 115 1
0.8 116 1
0.8 117 1
0.8 118 1
0.8 119 1
0.8 120 1
0.8 121 1
0.8 122 1
0.8 123 1
0.8 124 1
0.8 125 1
0.8 126 1
0.8 127 1
0.8 128 1
0.8 129 1
0.8 130 1
0.8 131 1
0.8 132 1
0.8 133 1
0.8 134 1
0.8 135 1
0.8 136 1
0.8 137 1
0.8 138 1
0.8 139 1
0.8 140 1
0.8 141 1
0.8 142 1
0.8 143 1
0.8 144 1
0.8 145 1
0.8 146 1
0.8 147 1
0.8 148 1
0.8 149 1
0.8 150 1
0.8 151 1
0.8 152 1
0.8 153 1
0.8 154 1
0.8 155 1
0.8 156 1
0.8 157 1
0.8 158 1
0.8 159 1
0.8 160 1
0.8 161 1
0.8 162 1
0.8 163 1
0.8 164 1
0.8 165 1
0.8 166 1
0.8 167 1
0.8 168 1
0.8 169 1
0.8 170 1
0.8 171 1
0.8 172 1
0.8 173 1
0.8 174 1
0.8 175 1
0.8 176 1
0.8 177 1
0.8 178 1
0.8 179 1
0.8 180 1
0.8 181 1
0.8 182 1
0.8 183 1
0.8 184 1
0.8 185 1
0.8 186 1
0.8 187 1
0.8 188 1
0.8 189 1
0.8 190 1
0.8 191 1
0.8 192 1
0.8 193 1
0.8 194 1
0.8 195 1
0.8 196 1
0.8 197 1
0.8 198 1
0.8 199 1
1 1 0
1 2 0
1 3 0
1 4 0
1 5 0
1 6 0
1 7 0
1 8 0
1 9 0
1 10 0
1 11 0
1 12 0
1 13 0
1 14 0
1 15 0
1 16 0
1 17 0
1 18 0
1 19 1
1 20 1
1 21 1
1 22 1
1 23 1
1 24 1
1 25 1
1 26 1
1 27 1
1 28 1
1 29 1
1 30 1
1 31 1
1 32 1
1 33 1
1 34 0
1 35 1
1 36 0
1 37 1
1 38 1
1 39 1
1 40 1
1 41 1
1 42 1
1 43 1
1 44 1
1 45 1
1 46 1
1 47 1
1 48 1
1 49 1
1 50 1
1 51 1
1 52 1
1 53 1
1 54 1
1 55 1
1 56 1
1 57 1
1 58 1
1 59 1
1 60 1
1 61 1
1 62 1
1 63 1
1 64 1
1 65 1
1 66 1
1 67 1
1 68 1
1 69 1
1 70 1
1 71 1
1 72 1
1 73 1
1 74 1
1 75 1
1 76 1
1 77 1
1 78 1
1 79 1
1 80 1
1 81 1
1 82 1
1 83 1
1 84 1
1 85 1
1 86 1
1 87 1
1 88 1
1 89 1
1 90 1
1 91 1
1 92 1
1 93 1
1 94 1
1 95 1
1 96 1
1 97 1
1 98 1
1 99 1
1 100 1
1 101 1
1 102 1
1 103 1
1 104 1
1 105 1
1 106 1
1 107 1
1 108 1
1 109 1
1 110 1
1 111 1
1 112 1
1 113 1
1 114 1
1 115 1
1 116 1
1 117 1
1 118 1
1 119 1
1 120 1
1 121 1
1 122 1
1 123 1
1 124 1
1 125 1
1 126 1
1 127 1
1 128 1
1 129 1
1 130 1
1 131 1
1 132 1
1 133 1
1 134 1
1 135 1
1 136 1
1 137 1
1 138 1
1 139 1
1 140 1
1 141 1
1 142 1
1 143 1
1 144 1
1 145 1
1 146 1
1 147 1
1 148 1
1 149 1
1 150 1
1 151 1
1 152 1
1 153 1
1 154 1
1 155 1
1 156 1
1 157 1
1 158 1
1 159 1
1 160 1
1 161 1
1 162 1
1 163 1
1 164 1
1 165 1
1 166 1
1 167 1
1 168 1
1 169 1
1 170 1
1 171 1
1 172 1
1 173 1
1 174 1
1 175 1
1 176 1
1 177 1
1 178 1
1 179 1
1 180 1
1 181 1
1 182 1
1 183 1
1 184 1
1 185 1
1 186 1
1 187 1
1 188 1
1 189 1
1 190 1
1 191 1
1 192 1
1 193 1
1 194 1
1 195 1
1 196 1
1 197 1
1 198 1
1 199 1
1.8 1 0
1.8 2 0
1.8 3 0
1.8 4 0
1.8 5 0
1.8 6 0
1.8 7 0
1.8 8 0
1.8 9 0
1.8 10 0
1.8 11 0
1.8 12 0
1.8 13 0
1.8 14 0
1.8 15 0
1.8 16 0
1.8 17 0
1.8 18 0
1.8 19 0
1.8 20 0
1.8 21 0
1.8 22 0
1.8 23 0
1.8 24 0
1.8 25 0
1.8 26 0
1.8 27 0
1.8 28 0
1.8 29 0
1.8 30 0
1.8 31 0
1.8 32 0
1.8 33 0
1.8 34 0
1.8 35 0
1.8 36 0
1.8 37 0
1.8 38 0
1.8 39 0
1.8 40 0
1.8 41 0
1.8 42 1
1.8 43 0
1.8 44 0
1.8 45 0
1.8 46 1
1.8 47 0
1.8 48 0
1.8 49 0
1.8 50 0
1.8 51 0
1.8 52 0
1.8 53 0
1.8 54 1
1.8 55 1
1.8 56 0
1.8 57 1
1.8 58 1
1.8 59 0
1.8 60 0
1.8 61 0
1.8 62 0
1.8 63 1
1.8 64 0
1.8 65 0
1.8 66 0
1.8 67 1
1.8 68 1
1.8 69 1
1.8 70 0
1.8 71 1
1.8 72 1
1.8 73 1
1.8 74 1
1.8 75 1
1.8 76 0
1.8 77 0
1.8 78 0
1.8 79 1
1.8 80 1
1.8 81 1
1.8 82 0
1.8 83 1
1.8 84 0
1.8 85 0
1.8 86 1
1.8 87 1
1.8 88 1
1.8 89 1
1.8 90 1
1.8 91 1
1.8 92 1
1.8 93 1
1.8 94 1
1.8 95 0
1.8 96 1
1.8 97 1
1.8 98 1
1.8 99 1
1.8 100 1
1.8 101 1
1.8 102 1
1.8 103 1
1.8 104 1
1.8 105 1
1.8 106 1
1.8 107 1
1.8 108 1
1.8 109 1
1.8 110 1
1.8 111 1
1.8 112 1
1.8 113 0
1.8 114 1
1.8 115 1
1.8 116 1
1.8 117 1
1.8 118 1
1.8 119 0
1.8 120 1
1.8 121 1
1.8 122 1
1.8 123 1
1.8 124 1
1.8 125 1
1.8 126 1
1.8 127 1
1.8 128 1
1.8 129 1
1.8 130 1
1.8 131 1
1.8 132 1
1.8 133 1
1.8 134 1
1.8 135 1
1.8 136 1
1.8 137 1
1.8 138 1
1.8 139 1
1.8 140 1
1.8 141 1
1.8 142 1
1.8 143 1
1.8 144 1
1.8 145 1
1.8 146 1
1.8 147 1
1.8 148 1
1.8 149 1
1.8 150 1
1.8 151 1
1.8 152 1
1.8 153 1
1.8 154 1
1.8 155 1
1.8 156 1
1.8 157 1
1.8 158 1
1.8 159 1
1.8 160 1
1.8 161 1
1.8 162 1
1.8 163 1
1.8 164 1
1.8 165 1
1.8 166 1
1.8 167 1
1.8 168 1
1.8 169 1
1.8 170 1
1.8 171 1
1.8 172 1
1.8 173 1
1.8 174 1
1.8 175 1
1.8 176 1
1.8 177 1
1.8 178 1
1.8 179 1
1.8 180 1
1.8 181 1
1.8 182 1
1.8 183 1
1.8 184 1
1.8 185 1
1.8 186 1
1.8 187 1
1.8 188 1
1.8 189 1
1.8 190 1
1.8 191 1
1.8 192 1
1.8 193 1
1.8 194 1
1.8 195 1
1.8 196 1
1.8 197 1
1.8 198 1
1.8 199 1
