0.4 0 0
0.4 5 0.8
0.4 10 1
0.4 15 1
0.4 20 1
0.4 25 1
0.4 30 1
0.4 35 1
0.4 40 1
0.4 45 1
0.4 50 1
0.4 55 1
0.4 60 1
0.4 65 1
0.4 70 1
0.4 75 1
0.4 80 1
0.4 85 1
0.4 90 1
0.4 95 1
0.4 100 1
0.4 105 1
0.4 110 1
0.4 115 1
0.4 120 1
0.4 125 1
0.4 130 1
0.4 135 1
0.4 140 1
0.4 145 1
0.4 150 1
0.4 155 1
0.4 160 1
0.4 165 1
0.4 170 1
0.4 175 1
0.4 180 1
0.4 185 1
0.4 190 1
0.4 195 1
0.6 0 0
0.6 5 0
0.6 10 1
0.6 15 1
0.6 20 1
0.6 25 1
0.6 30 1
0.6 35 1
0.6 40 1
0.6 45 1
0.6 50 1
0.6 55 1
0.6 60 1
0.6 65 1
0.6 70 1
0.6 75 1
0.6 80 1
0.6 85 1
0.6 90 1
0.6 95 1
0.6 100 1
0.6 105 1
0.6 110 1
0.6 115 1
0.6 120 1
0.6 125 1
0.6 130 1
0.6 135 1
0.6 140 1
0.6 145 1
0.6 150 1
0.6 155 1
0.6 160 1
0.6 165 1
0.6 170 1
0.6 175 1
0.6 180 1
0.6 185 1
0.6 190 1
0.6 195 1
0.8 0 0
0.8 5 0
0.8 10 0
0.8 15 0.2
0.8 20 0.8
0.8 25 1
0.8 30 1
0.8 35 1
0.8 40 1
0.8 45 1
0.8 50 1
0.8 55 1
0.8 60 1
0.8 65 1
0.8 70 1
0.8 75 1
0.8 80 1
0.8 85 1
0.8 90 1
0.8 95 1
0.8 100 1
0.8 105 1
0.8 110 1
0.8 115 1
0.8 120 1
0.8 125 1
0.8 130 1
0.8 135 1
0.8 140 1
0.8 145 1
0.8 150 1
0.8 155 1
0.8 160 1
0.8 165 1
0.8 170 1
0.8 175 1
0.8 180 1
0.8 185 1
0.8 190 1
0.8 195 1
1 0 0
1 5 0
1 10 0
1 15 0
1 20 0.4
1 25 0.6
1 30 0.6
1 35 1
1 40 1
1 45 1
1 50 1
1 55 1
1 60 1
1 65 1
1 70 1
1 75 1
1 80 1
1 85 1
1 90 1
1 95 1
1 100 1
1 105 1
1 110 1
1 115 1
1 120 1
1 125 1
1 130 1
1 135 1
1 140 1
1 145 1
1 150 1
1 155 1
1 160 1
1 165 1
1 170 1
1 175 1
1 180 1
1 185 1
1 190 1
1 195 1
1.8 0 0
1.8 5 0
1.8 10 0
1.8 15 0
1.8 20 0
1.8 25 0
1.8 30 0
1.8 35 0
1.8 40 0
1.8 45 0.4
1.8 50 0
1.8 55 0
1.8 60 0
1.8 65 0
1.8 70 0.4
1.8 75 0.2
1.8 80 0.2
1.8 85 0.8
1.8 90 0.8
1.8 95 0.6
1.8 100 0.8
1.8 105 1
1.8 110 0.6
1.8 115 0.8
1.8 120 0.8
1.8 125 1
1.8 130 1
1.8 135 0.8
1.8 140 1
1.8 145 1
1.8 150 1
1.8 155 0.8
1.8 160 1
1.8 165 1
1.8 170 1
1.8 175 1
1.8 180 1
1.8 185 1
1.8 190 1
1.8 195 1
